250 250
46112.0 17.2047 39.3192 67.0298 101.0 64.5368 149.576 26.6833 120.54 83.2947 148.111 66.0681 46.0652 61.4003 62.2896 136.059 69.1158 90.4489 82.0244 156.208 161.047 141.877 55.4617 61.5224 77.4919 72.7805 28.8617 36.0694 68.1836 64.195 40.4599 90.4434 12.1655 27.6586 52.6972 99.7246 155.425 94.7259 90.1998 62.2896 179.413 87.367 60.3738 91.1976 75.0267 6.7082 39.598 78.8162 44.2832 83.2406 54.6443 39.3573 78.0577 184.448 76.2955 58.2495 140.801 140.464 169.499 70.8378 73.6003 118.089 64.8151 96.7678 115.434 76.9415 81.0247 75.6902 96.0417 156.732 114.481 82.0975 129.808 167.502 53.2541 140.858 9.05539 33.0 151.331 44.0 89.0505 143.569 162.561 87.8635 104.01 133.056 164.985 42.0595 116.017 93.3006 137.441 62.3618 49.4065 56.7539 134.104 68.4471 112.947 73.5527 55.0818 121.264 40.8534 145.413 46.3249 58.0517 175.114 120.104 119.854 52.3259 77.6466 43.0116 72.8011 97.0979 106.301 64.6297 75.0 74.8131 48.6004 148.125 60.0083 96.8762 71.1969 71.4213 60.407 47.676 95.0789 76.0263 100.623 67.2309 72.111 133.454 94.0213 95.0158 101.02 62.2896 64.4981 92.9624 139.043 71.5122 114.843 171.898 70.2353 69.6348 98.4733 92.9624 67.1193 85.4283 98.8838 49.1935 58.5235 89.6437 16.1245 97.5295 42.2019 86.0523 161.549 86.267 79.2023 46.6154 82.4197 91.2853 61.2944 129.402 11.6619 144.402 163.615 126.764 96.2133 63.8905 104.661 181.596 95.5249 97.0464 34.7851 76.5376 153.16 65.0308 55.9732 88.5099 73.5935 81.3204 120.216 93.1343 83.678 127.472 34.1321 56.0803 64.846 128.144 62.0322 54.1202 101.98 99.7246 176.366 48.1664 137.928 54.2033 117.337 86.6083 104.995 52.469 67.0075 101.607 85.2115 73.2462 110.44 77.201 108.19 120.603 155.048 52.1728 164.754 100.02 29.0 76.4853 53.3667 12.53 93.3435 134.034 91.2414 64.0 73.4098 76.922 166.715 63.6396 93.5094 163.218 23.3452 60.0167 92.5905 146.185 112.508 150.748 81.4923 49.3964 73.0274 64.56 106.892 45.1774 114.061 56.7274 128.763 176.664 49.2037 133.754 81.0555 118.87 93.8616 159.665 54.0833 104.293 
17.2047 46782.1 30.3645 77.9295 111.879 54.5619 155.541 12.6491 127.883 71.0634 149.817 67.1193 31.7805 52.4786 62.6099 140.428 64.3506 100.125 92.7793 156.579 168.024 150.27 60.8276 44.5982 64.6297 61.0328 22.0227 37.6431 54.231 55.7584 23.3452 73.2393 16.1245 31.257 35.5106 98.737 156.285 103.078 77.666 45.607 182.387 97.1854 65.307 78.6448 61.3922 15.2643 40.4969 62.7694 27.5136 68.1542 38.9102 45.1774 89.627 187.128 61.131 47.0425 146.25 140.064 171.283 71.1196 57.4543 116.4 48.5489 87.6584 125.064 81.0432 65.0 66.1891 90.6863 164.222 120.839 72.6911 136.624 172.525 36.0555 139.846 10.2956 21.4709 161.05 55.7853 93.8616 149.466 168.671 71.218 99.0858 132.061 167.344 27.6586 126.57 84.0773 147.031 70.0643 46.8722 47.5079 140.428 73.5459 118.663 83.1505 43.0116 123.568 48.0104 149.576 35.1283 47.0956 180.081 116.778 121.198 46.669 66.0984 31.0161 56.6039 79.925 89.6437 54.231 57.8014 57.6281 51.2445 156.387 71.1969 95.6922 60.5392 70.4911 44.1475 37.5899 78.4347 87.4757 93.8136 50.5964 55.7853 143.031 94.8262 92.4554 83.863 61.0574 47.4131 77.3692 148.03 77.7817 121.495 176.139 64.4438 65.9469 100.225 82.28 57.8705 78.6003 102.46 34.9285 45.3982 72.4707 18.0 87.7268 51.1566 69.6348 165.705 69.3542 80.5295 33.2415 65.215 90.7359 65.7343 127.801 8.0 146.82 168.291 129.619 79.8812 51.2445 103.005 184.773 80.0562 107.564 23.1948 83.4865 159.656 56.2939 63.1269 91.1811 73.4302 65.307 118.406 79.1581 91.2688 133.195 17.0 38.9487 71.4493 127.315 54.4059 45.4863 85.276 105.323 180.569 58.8558 144.361 37.0135 120.333 81.3941 88.4081 41.6293 50.774 85.44 81.3941 56.0803 117.239 61.1882 106.607 121.314 157.582 37.0135 172.743 111.158 31.5753 59.6154 42.0476 5.0 103.175 144.42 84.8116 50.9902 56.648 62.2977 167.839 49.0102 91.214 163.976 26.1725 49.0918 86.2148 148.034 115.317 160.003 69.2604 34.176 60.208 48.6621 100.21 30.8058 118.296 39.6232 126.507 180.361 33.121 137.877 63.8905 127.193 90.7855 168.241 42.0595 111.647 
39.3192 30.3645 54328.3 106.042 140.089 78.5684 185.809 39.1152 157.835 90.5539 179.847 97.3088 16.1245 77.7946 92.7038 170.792 92.4175 129.062 121.037 186.196 198.116 179.903 91.0055 39.2046 39.3573 33.8378 51.4296 68.0074 71.5891 81.3449 29.0689 70.214 27.8927 61.3922 40.2616 128.129 186.067 132.639 96.1769 37.6563 212.624 126.036 95.5667 97.0618 38.0132 42.0119 70.8378 48.0208 40.3113 48.7955 26.6833 75.1332 117.273 217.313 74.3303 19.3132 176.57 169.446 201.296 101.134 43.8292 145.344 37.0 111.041 154.081 111.4 49.93 90.0278 117.686 194.178 151.01 43.0116 166.721 202.882 40.025 168.964 38.2099 48.0104 190.066 83.1505 124.193 179.739 198.927 59.4811 126.254 161.227 197.489 15.1327 155.029 107.448 176.102 99.7246 76.4788 72.8629 170.628 103.812 148.933 112.071 17.2047 153.769 77.6466 179.936 8.48528 18.9737 210.44 144.807 151.212 74.8866 87.0919 55.1725 43.382 78.0897 76.8505 25.318 55.3263 54.4518 81.6088 186.078 99.0808 125.032 83.2406 100.185 55.3624 63.0317 83.0542 115.213 119.503 58.4637 64.7611 172.105 124.812 121.202 82.201 90.7855 51.4782 59.4643 177.406 107.87 151.608 206.497 91.8314 94.578 130.388 103.73 28.0179 104.69 132.816 17.72 21.9317 67.1863 47.8539 110.209 80.1561 56.4358 196.061 60.1664 110.693 13.6015 62.6498 120.354 96.0469 156.707 29.0172 177.003 198.655 159.891 65.4599 26.0768 132.076 215.037 61.5224 136.015 8.48528 113.437 189.842 26.1725 92.9139 121.491 103.315 74.7329 147.275 94.3398 121.062 163.478 31.8904 44.1475 101.435 156.579 80.8084 71.5891 73.0616 135.591 210.924 87.0057 174.545 38.4708 150.632 108.706 75.1665 65.7647 38.6264 69.814 109.622 52.469 147.313 71.0634 135.68 151.159 187.771 53.8516 202.549 139.176 61.8466 64.2806 14.7648 33.541 132.034 173.012 111.072 70.7248 62.6498 41.7253 197.677 65.2993 120.108 193.706 56.2939 20.8806 112.486 178.101 145.602 189.264 42.72 21.2132 79.404 60.7454 125.873 16.0312 148.661 38.0526 155.081 210.685 25.0 168.238 59.2284 156.818 119.281 197.821 64.5368 141.566 
67.0298 77.9295 106.042 40491.5 34.0588 80.8084 87.4643 76.844 56.8243 100.802 97.4166 43.0813 109.659 75.8222 45.1774 78.5175 64.8845 24.0416 15.0 109.078 96.7729 75.9605 27.8029 117.745 142.555 138.708 65.3911 47.0106 97.6729 75.4321 97.4166 139.086 79.1012 48.7032 104.785 67.1863 106.78 30.5287 107.075 119.871 123.167 20.8806 28.178 107.898 139.262 64.1249 46.8722 138.192 94.0213 145.066 115.694 35.7771 12.083 128.763 109.041 124.403 80.2122 97.5756 117.034 47.1275 132.816 83.5464 123.968 97.3088 48.6621 34.0147 140.407 85.1469 81.7863 91.7606 53.4135 149.013 66.7308 106.78 105.702 100.09 68.3593 73.8241 84.3801 23.0868 37.6962 81.8352 99.7647 144.309 85.5862 93.3006 111.126 105.546 49.0 95.3415 70.5762 16.5529 53.7401 74.9533 71.8679 27.4591 53.7587 9.21954 120.702 71.6938 31.7805 87.7838 112.361 124.326 114.28 91.444 73.8241 62.9365 94.2019 77.6981 131.867 143.391 161.966 131.187 126.127 126.562 38.8973 82.28 7.07107 66.0303 86.8332 51.8652 102.927 74.2024 134.183 9.84886 90.7083 110.675 112.414 66.6108 56.4358 70.1783 146.479 50.6063 112.77 153.379 72.5672 23.0 53.0094 112.801 68.9638 61.2699 55.7853 101.119 134.015 80.7775 49.2443 112.787 123.321 140.545 60.208 100.722 27.2029 143.736 103.078 140.943 46.1736 111.158 132.098 60.0 29.9666 92.4446 77.1038 91.8314 103.812 74.6324 153.942 129.124 73.2462 124.74 156.237 30.0167 100.404 21.8403 89.8944 132.0 21.2603 45.7056 49.7293 117.796 85.703 116.039 23.6008 67.0075 89.1852 106.452 20.8806 88.5438 71.8401 72.1388 157.496 42.8019 117.201 19.105 75.2928 108.079 66.0379 75.2861 161.137 78.1025 126.178 159.891 69.1231 125.674 48.6004 114.477 75.5381 76.6942 101.316 92.1141 99.0404 33.2415 49.3964 120.37 119.419 73.5527 26.6833 67.0075 82.8613 91.2853 116.765 139.714 116.4 97.4526 68.1836 114.285 53.1601 126.321 83.5225 95.2103 62.6498 84.0119 147.105 111.611 96.2601 104.043 94.7259 108.674 59.203 111.79 94.3663 118.697 109.636 77.0779 132.834 53.4883 71.4493 93.3916 82.4621 41.6173 
101.0 111.879 140.089 34.0588 48516.1 107.415 62.3699 110.114 33.121 125.399 84.2021 65.2993 143.544 102.65 69.2026 60.5392 87.7838 14.2127 19.105 97.7446 68.0074 45.2769 56.3649 150.572 176.505 172.743 98.0816 79.0569 125.936 101.4 130.729 169.956 113.018 82.0 137.244 74.8465 94.3716 19.6977 130.863 152.882 102.343 16.1245 54.2033 131.552 173.118 98.1835 78.1857 171.292 126.491 178.539 149.255 68.4105 23.1948 108.167 137.295 158.455 57.9828 91.1976 100.225 67.1789 165.94 85.9069 157.175 116.211 17.2047 48.8365 173.488 109.041 96.566 62.1289 35.9026 183.044 42.4382 82.134 138.192 95.0474 102.396 106.254 50.9902 57.0 42.0595 57.8014 72.9178 176.785 97.4936 90.05 93.4719 139.442 15.1327 115.109 37.6431 44.3847 82.365 102.927 48.2597 48.6004 39.3192 29.4109 154.729 64.0312 64.7611 68.4251 146.414 158.382 89.1067 96.3016 69.0652 91.0659 119.206 108.853 164.976 173.589 194.064 165.245 157.848 158.398 68.4471 51.4782 41.0122 75.1532 112.446 72.1249 133.754 104.202 162.828 25.0799 106.0 141.326 142.299 33.8378 63.9766 81.8841 176.386 74.8131 144.309 186.55 40.7185 42.2019 34.2053 89.6437 92.0217 83.4865 59.4643 122.495 168.048 100.125 49.0408 146.659 157.277 171.898 94.0479 120.254 60.8276 176.465 81.2712 173.104 61.2209 145.121 163.371 70.7107 55.2268 91.444 111.162 77.4919 80.4301 63.6396 186.574 163.11 80.0562 103.228 189.447 5.0 134.451 36.2353 62.9682 166.012 51.264 53.7122 68.6222 146.492 87.6641 141.014 29.0 47.0106 122.483 138.578 45.6508 86.209 98.0051 100.499 189.613 36.8782 93.723 53.1507 50.6063 140.73 58.0086 92.8009 193.352 107.424 159.364 192.585 85.8021 157.664 31.4006 143.544 80.9568 73.171 84.6936 123.065 67.9779 2.23607 82.4621 150.722 153.47 107.564 11.3137 33.1361 100.21 119.57 147.139 173.367 101.592 126.764 80.1311 100.881 86.6833 160.378 100.439 82.0061 57.1402 51.2445 181.108 145.344 123.004 134.183 108.301 142.555 49.0408 144.544 94.8947 96.4002 143.178 60.407 164.539 26.4008 84.22 61.4654 111.893 26.0 
64.5368 54.5619 78.5684 80.8084 107.415 37908.6 128.996 42.0595 108.467 21.1896 111.463 42.5441 69.2026 5.0 38.2753 110.223 22.3607 93.2309 91.351 114.56 143.851 132.197 53.0754 60.0833 96.6644 97.1288 35.6931 39.8497 19.6469 6.32456 51.225 66.9104 70.0071 45.5412 47.0106 58.3095 115.447 90.9175 28.1603 63.5689 145.671 91.4002 53.8145 29.1204 91.3893 58.0517 37.6962 79.8311 40.2244 89.9889 67.1193 49.6588 91.9348 149.459 30.4631 87.4185 118.828 97.1236 132.004 42.1545 75.4321 72.1249 68.9493 33.121 114.061 60.3738 81.5843 11.6619 40.7063 141.993 99.0404 112.681 114.477 142.014 47.927 95.5196 56.0446 33.1059 146.895 69.7782 71.8679 123.179 141.693 80.1561 49.2443 88.2326 129.711 66.7083 118.849 29.5296 133.54 65.0538 27.4591 8.0 116.297 58.8218 95.0789 79.9812 82.4197 89.0056 53.6656 118.017 78.6448 88.0057 149.003 68.8767 84.214 18.3576 14.5602 23.8537 74.4648 68.6804 94.2603 94.8683 59.0762 60.1332 42.2019 137.361 77.201 55.2268 7.07107 37.9473 34.5254 17.088 55.9017 89.8276 41.1096 40.0125 38.3275 129.865 60.208 48.8365 70.8378 32.7567 46.5296 94.0479 132.257 65.215 100.578 143.171 19.0263 26.6833 67.3647 28.4429 100.21 26.9258 74.7329 71.0282 81.3019 70.3491 49.366 33.2415 59.4811 81.4985 133.06 75.0267 51.2445 72.6223 62.1289 53.0094 52.4976 82.8734 61.8466 110.549 137.0 96.0 90.0888 86.954 60.208 148.492 97.0155 102.416 70.0928 71.2811 134.495 99.8098 59.5483 63.0635 42.0595 39.9249 73.6817 35.5106 79.0759 107.87 46.6905 45.5412 62.3699 84.2021 9.43398 11.0454 90.1388 83.4865 147.275 68.0955 120.221 51.0784 88.1419 32.8938 94.1329 13.0384 70.5195 96.0469 36.4966 60.2993 97.4064 37.6431 63.561 82.6075 120.934 27.7308 151.634 107.801 43.566 47.3814 83.4086 55.7136 96.2601 134.164 33.2866 14.0357 44.1814 87.9204 127.094 23.0 48.5077 122.528 46.0435 89.627 34.6699 110.168 83.2166 144.222 102.46 67.1193 15.6205 32.0156 47.4236 68.4105 90.0944 54.7814 80.2309 145.674 62.434 107.168 65.0 111.234 46.0977 149.452 14.2127 94.541 
149.576 155.541 185.809 87.4643 62.3699 128.996 57022.5 149.482 30.8058 139.718 38.4708 91.1373 184.838 125.575 96.1301 20.1246 106.677 64.405 75.0 51.264 15.6525 24.0832 94.8314 185.024 217.329 215.244 136.33 118.068 148.492 122.801 168.76 195.87 161.608 124.427 171.026 73.3757 46.8188 56.9386 142.636 188.066 41.2311 67.424 90.2441 142.941 212.941 144.921 115.572 206.002 161.152 215.114 187.683 110.86 81.2158 47.0106 158.493 202.054 10.198 56.2228 44.0114 89.0 201.022 69.6419 193.127 120.702 45.8039 74.8131 208.0 124.74 98.4327 17.0294 35.1141 228.09 20.8087 19.799 172.026 61.2209 147.963 142.688 38.0789 108.688 61.8142 6.08276 13.1529 208.291 93.9415 61.5224 37.0 181.025 51.9711 121.491 36.3456 87.3155 113.217 128.25 15.6525 82.0 36.8782 78.7718 197.608 42.5441 108.812 17.2047 190.434 202.23 27.0185 80.4487 49.1935 119.0 135.366 141.057 200.022 197.132 223.188 209.476 187.451 188.383 104.561 22.3607 94.0213 75.9605 131.034 92.0869 162.308 134.0 182.661 82.201 106.104 168.668 167.323 37.108 68.884 83.8153 198.862 100.005 174.233 221.009 30.2655 78.1601 34.9285 27.4591 110.027 102.489 61.6604 130.633 213.378 109.202 55.0 187.673 198.842 199.331 138.004 125.16 107.564 209.117 20.6155 203.482 79.0063 187.259 191.05 76.4853 89.822 66.6033 157.433 32.45 18.3576 35.7771 218.33 204.922 74.4648 41.5933 224.009 62.9365 178.664 73.0548 6.40312 211.835 93.6056 67.0 88.0511 167.887 69.8928 154.029 66.3099 22.3607 161.009 171.003 84.7703 61.0737 120.503 127.098 219.009 50.2195 31.4006 103.368 12.2066 175.046 41.4849 100.688 222.991 135.093 195.092 224.377 94.5939 188.266 39.3954 166.208 72.4983 52.8394 32.0156 153.052 26.2488 64.5368 123.976 176.377 197.132 152.315 62.6259 44.7214 105.622 143.014 173.159 211.4 48.2597 151.845 83.2406 50.01 129.522 204.198 105.005 37.2156 46.0977 32.9848 222.643 185.194 142.394 160.702 104.657 183.848 39.0512 179.045 71.5891 34.4819 181.797 23.2594 193.662 36.0694 86.977 28.8444 139.176 46.0652 
26.6833 12.6491 39.1152 76.844 110.114 42.0595 149.482 44710.9 123.037 58.4637 141.156 59.203 35.3553 40.2244 54.4059 133.417 53.4135 97.4936 91.214 147.177 162.604 146.031 56.0357 41.1461 68.0661 65.7647 13.1529 32.0156 42.0119 43.6005 20.6155 66.4831 28.6356 28.1603 29.2062 89.0674 147.136 99.3227 65.1153 43.0813 174.29 94.7259 60.0083 66.0984 64.0078 21.9317 34.0588 61.3514 19.105 68.4471 39.3192 41.7732 88.8651 178.844 49.6488 52.8867 139.904 130.361 162.561 62.6259 55.9732 106.231 47.1275 75.1798 122.053 74.6726 63.5689 53.7122 79.196 159.201 115.352 79.1202 131.309 165.738 30.0 129.85 17.72 9.21954 157.813 56.356 87.6926 143.402 162.635 68.0 87.6926 122.115 158.959 31.5753 124.338 71.5891 143.785 66.6108 37.6962 35.2278 134.729 68.0661 112.752 80.8084 48.2701 115.434 45.3542 142.369 41.7852 53.1601 173.22 105.891 112.539 35.805 53.4509 18.3848 55.0273 72.4707 86.093 60.4401 51.7397 51.8556 45.0999 152.003 70.5762 85.9593 47.927 61.327 34.0147 25.2389 68.8767 86.6487 81.8352 41.1825 45.6946 139.807 86.1626 82.0975 76.2168 52.0 39.6989 76.5376 144.281 73.0068 116.211 168.834 53.0754 55.4707 92.0272 69.6419 64.846 66.7083 95.3415 38.2099 49.366 66.6033 18.4391 75.1532 49.6488 67.1193 158.398 65.192 72.4224 37.855 58.6941 81.3941 60.075 117.597 20.3961 138.578 161.301 121.758 77.3886 55.4437 92.9624 176.785 79.404 105.537 30.8869 79.0569 153.942 63.6946 59.5399 83.678 64.622 54.7083 108.167 67.0075 87.1436 127.142 12.3693 31.8277 67.1193 117.478 42.5206 33.4215 81.6333 99.5038 173.22 58.3095 138.708 31.9061 112.641 70.0357 85.0882 29.0689 49.3356 83.2586 70.6045 50.6063 112.112 50.5964 96.566 112.308 149.345 25.4951 168.048 109.636 27.6586 50.774 48.0833 15.0 100.623 141.877 73.0 38.4708 47.5079 63.5059 158.777 37.1214 80.9938 154.738 23.7697 55.0818 74.411 139.463 107.564 156.387 73.2462 36.0 47.676 37.9473 88.2383 34.3657 111.4 35.3553 116.017 172.702 33.2415 130.729 58.258 123.102 80.2122 164.027 29.4109 107.0 
120.54 127.883 157.835 56.8243 33.121 108.467 30.8058 123.037 50350.0 122.54 52.469 67.2681 158.202 104.403 72.1803 27.8927 86.3771 33.6006 44.2041 66.3702 40.5216 23.7697 67.1863 160.702 191.094 188.449 110.005 91.0879 128.082 102.142 143.014 174.889 132.673 96.6282 146.769 60.208 62.6498 26.4008 126.657 163.518 69.4046 36.6197 63.0317 127.142 187.011 116.297 89.0056 181.797 136.444 190.318 162.012 82.7345 50.448 75.213 138.842 174.828 25.0 62.8013 67.2309 66.4831 176.638 64.6607 168.36 107.415 19.105 49.4975 183.883 106.513 85.4283 36.3456 10.0 200.564 10.0 50.448 147.763 67.2681 119.683 117.068 38.9487 78.5493 36.8782 25.4951 42.9418 185.284 83.4506 63.8905 60.4152 154.263 27.0185 107.336 26.9072 58.2495 88.6848 106.231 15.5563 55.0 14.8661 48.3322 170.575 37.6962 80.2309 35.3412 162.997 174.929 57.8014 76.0066 44.2832 95.7079 117.273 116.842 175.642 177.116 201.221 182.102 164.939 165.738 78.0 29.2746 63.5059 61.8466 111.79 70.5195 139.832 110.476 163.982 51.4004 94.3663 146.758 146.294 24.0832 51.8652 69.814 179.301 76.9025 151.427 197.018 24.1868 50.1597 8.06226 57.28 90.2497 81.9329 45.0 115.966 185.691 93.2952 34.9857 161.152 172.235 177.792 110.027 111.83 78.339 185.691 48.4149 180.854 57.2451 160.378 169.319 59.9083 63.0 66.8506 129.066 45.5412 48.0833 34.7131 195.318 178.281 63.6553 70.4344 200.002 32.8024 151.076 44.4072 33.1059 183.992 64.9384 45.6946 66.4078 148.327 65.8635 137.768 36.8782 14.3178 135.0 147.231 56.4358 61.0983 99.3277 104.561 196.901 25.0 61.5224 73.3894 18.6011 150.652 32.6497 84.9058 200.823 112.379 170.423 201.4 78.032 165.387 11.1803 146.103 63.1269 48.7545 51.8652 129.877 45.0111 35.3553 96.421 155.242 169.853 124.31 31.8904 31.0644 91.2634 122.123 151.832 186.067 68.9638 130.507 68.6003 68.6586 101.71 176.918 91.022 50.3587 34.4093 35.8469 196.207 159.028 123.13 138.975 94.7629 157.204 24.4131 154.635 71.1758 63.7809 156.003 28.2843 171.406 8.0 72.8011 41.4367 116.709 16.2788 
83.2947 71.0634 90.5539 100.802 125.399 21.1896 139.718 58.4637 122.54 40952.7 117.017 60.1415 78.4092 26.0 56.5862 120.075 37.6431 111.198 110.39 117.614 155.081 145.908 73.0068 63.4114 100.802 102.825 55.0 61.0328 19.2094 25.5539 61.5873 59.6825 87.0976 66.4906 53.0754 66.4906 119.269 107.801 7.07107 67.0075 151.013 109.659 73.1095 8.06226 95.2103 77.1038 58.8727 80.0625 50.2494 90.824 73.5391 70.7743 111.521 154.159 22.4722 95.5877 129.541 100.319 136.235 58.4123 76.6616 76.0066 72.2011 24.6982 130.357 77.0065 81.3941 16.4012 43.0116 154.003 112.73 119.004 127.389 150.615 53.7587 97.7394 74.4312 50.4876 161.447 90.8735 87.1321 134.201 151.855 77.1622 50.1597 91.2688 135.004 76.844 135.801 21.8403 148.607 84.6463 48.3011 28.8617 128.413 77.0779 108.337 99.1564 90.6863 97.8621 74.7329 126.921 88.8144 96.3328 157.153 69.7209 92.0706 39.3954 6.7082 40.4475 75.8024 59.0085 87.9659 102.552 56.8595 58.1808 62.7694 150.615 97.6371 63.7887 14.3178 53.6004 37.4833 36.0139 43.2897 109.481 38.6394 39.1152 34.4384 145.121 71.5122 56.0892 60.075 50.9313 47.4342 92.477 146.687 83.4506 114.495 150.562 33.4215 42.0119 78.7718 14.4222 108.245 30.5941 87.7268 79.511 88.3912 64.3273 69.0072 21.9545 80.5295 79.4796 140.911 71.4703 66.0379 82.0061 57.28 63.5689 71.5891 85.3756 78.8543 117.346 145.382 104.924 86.4002 93.3809 66.4831 154.003 95.2733 120.416 82.365 89.1964 145.602 108.374 79.6304 76.9415 57.4282 30.4138 77.0584 15.6205 96.5401 119.871 59.5063 50.2096 81.4678 88.0511 29.1548 32.0156 84.3445 98.0051 154.392 89.0056 132.189 56.5685 98.2344 39.0512 88.2836 31.0 73.2393 91.9239 45.2217 59.0339 111.826 30.3645 69.2604 89.56 127.098 36.7151 163.811 125.992 64.5368 42.3792 92.3147 73.1642 114.11 150.097 35.0571 20.2485 40.3113 90.4268 130.553 25.6125 56.5155 125.674 66.6108 97.6729 36.0139 116.069 93.6803 158.345 106.607 75.1665 11.1803 32.6497 43.6807 77.801 101.843 59.4643 81.7435 152.118 70.1783 116.927 61.3514 126.27 52.9528 162.484 29.2746 109.932 
148.111 149.817 179.847 97.4166 84.2021 111.463 38.4708 141.156 52.469 117.017 54980.1 82.7647 175.57 109.238 87.2067 25.0 90.7083 79.6241 89.4707 14.0 52.0096 60.1664 93.4077 171.05 206.32 205.548 128.445 112.872 129.653 105.906 158.114 176.139 159.327 120.739 157.41 53.3667 10.198 70.214 118.343 174.416 34.2345 81.8413 88.4081 118.423 201.375 142.359 109.659 191.23 148.762 201.221 176.241 109.041 95.7706 38.0789 138.13 193.706 32.9848 19.7231 21.4709 78.721 186.703 41.1096 179.739 94.6414 71.5681 71.8401 193.018 104.307 74.0068 55.2268 48.3839 219.92 46.0109 37.7359 158.382 24.4131 144.253 132.966 75.9605 113.846 61.5224 37.0 44.5533 191.387 67.2681 27.5136 18.2483 172.169 79.404 96.3328 71.1969 90.5097 103.47 113.031 41.1947 80.9197 45.6946 88.2326 188.905 27.0185 108.407 21.5407 182.923 194.064 42.5441 49.4773 28.6356 106.569 114.07 128.736 185.723 176.003 204.296 201.316 170.3 171.418 99.6444 60.1664 102.45 56.5155 111.544 79.8499 145.986 120.88 160.153 95.8801 79.511 151.199 148.57 70.5762 55.0364 62.6498 177.071 89.1572 157.991 205.507 65.5134 79.9062 50.0 34.7851 92.9624 87.3613 49.7393 105.475 205.937 87.0919 50.2494 178.059 189.108 180.336 133.959 98.8585 109.225 192.899 26.9258 186.078 69.3542 178.488 172.569 60.0833 87.2009 33.5261 153.561 7.0 32.45 22.8035 201.206 195.113 51.3517 37.1214 208.471 82.5409 171.898 77.2334 44.4185 204.846 94.921 59.6406 76.5572 147.031 40.3113 129.557 73.8173 38.2099 151.222 156.518 86.3134 29.4279 104.561 112.792 200.422 54.6443 38.0789 108.19 41.7732 161.533 31.8277 79.3095 204.414 120.54 181.463 207.068 74.9667 171.686 53.1413 146.168 48.1664 29.1204 10.4403 138.293 63.6003 86.4002 119.708 157.458 189.042 147.648 79.3095 78.6384 82.0 125.16 154.635 198.64 19.105 134.213 62.9682 17.0 125.539 195.931 81.0062 2.23607 36.1248 70.9366 211.967 174.874 122.262 143.265 76.2955 174.631 38.2753 165.424 38.2753 35.2278 170.792 24.1868 175.923 60.407 65.4905 67.2309 123.976 59.6154 
66.0681 67.1193 97.3088 43.0813 65.2993 42.5441 91.1373 59.203 67.2681 60.1415 82.7647 34580.5 94.3663 38.0132 5.0 74.3303 22.6716 51.0882 50.6063 90.2109 105.019 91.0055 18.0278 94.0213 126.436 124.74 46.1736 30.2324 61.7414 36.3593 77.7817 107.856 76.844 38.4187 80.025 34.2053 89.5879 48.3735 65.7951 97.0 115.317 49.5177 15.2971 66.5282 121.926 60.0 26.9258 115.07 70.0286 124.016 96.6282 28.8444 52.4786 120.017 72.8972 112.089 81.3019 74.411 104.235 5.38516 110.018 52.8015 102.02 54.231 71.5542 18.0278 117.107 43.8406 40.0125 102.313 58.4209 138.322 74.3303 106.705 81.0247 74.9533 61.5873 51.788 104.995 42.5793 30.4138 85.0941 104.235 118.089 45.3982 67.1789 100.225 90.7083 76.3217 52.3259 91.4166 26.5707 22.0907 39.2173 77.026 17.0294 55.0818 39.6611 107.448 56.4624 29.9666 83.1986 100.881 112.361 114.14 56.7979 54.2033 28.4429 53.9073 50.01 109.018 110.494 133.959 119.641 97.6729 98.4784 17.6918 96.5091 41.9762 31.6228 47.2017 9.05539 72.5672 43.2897 98.4124 50.6063 48.3735 79.555 79.3788 87.6641 28.0179 31.9531 112.925 9.84886 84.1724 130.188 90.5207 23.3452 59.6825 109.636 26.9072 18.6011 33.1059 58.5235 123.968 37.6962 36.3456 97.0824 108.259 110.603 51.3128 57.6975 33.5261 118.609 99.2018 113.6 13.4164 97.0155 102.108 25.6125 13.3417 63.8905 70.8308 79.7057 102.181 62.6259 128.133 114.337 39.6611 117.745 133.184 60.3075 89.5377 29.0689 96.0052 122.703 24.0832 24.5153 8.544 82.2922 55.0 75.743 36.6197 69.0072 70.214 80.2247 22.3607 62.2254 33.121 37.3631 129.634 42.4264 114.018 38.1182 81.0247 84.006 53.4509 32.5576 133.555 45.1221 104.005 134.213 27.0185 98.1529 56.0892 79.7057 43.0116 54.6443 90.471 62.6498 111.647 65.8559 37.2022 88.2326 107.28 64.8845 54.037 91.7061 40.025 55.5428 84.7703 120.266 101.02 63.5689 30.0832 97.3499 43.0116 114.285 40.7922 80.9506 48.3839 102.616 131.848 94.3663 57.9828 71.8401 53.0377 93.3916 52.469 88.0057 63.8201 113.53 90.7965 71.5891 104.139 69.2604 32.0156 108.674 49.4773 52.4976 
46.0652 31.7805 16.1245 109.659 143.544 69.2026 184.838 35.3553 158.202 78.4092 175.57 94.3663 53364.9 69.3397 89.4986 168.671 85.8662 131.548 124.459 180.834 197.914 181.011 91.0494 23.0868 33.0606 30.4138 48.5077 67.1193 59.203 72.9452 18.0278 54.1295 37.0135 62.0725 25.9422 122.772 181.077 134.034 83.4865 21.587 209.038 128.658 95.1893 84.3149 29.6142 46.4866 69.3542 33.9706 29.0689 37.2156 10.7703 76.0592 121.396 213.46 60.3738 18.3576 175.251 163.719 196.865 97.5295 29.2062 139.086 21.4709 100.409 156.387 110.027 36.0694 80.1561 109.554 194.435 150.652 44.3847 166.589 201.02 25.4951 162.791 41.7612 42.72 192.315 87.5557 123.045 178.757 197.99 44.6542 118.152 155.184 193.541 4.12311 158.146 96.8762 178.281 101.079 72.5328 64.6607 170.065 103.31 148.098 114.63 13.4164 150.283 79.2275 177.564 10.7703 18.868 208.483 137.379 147.054 69.0797 75.743 47.4131 28.6007 61.9839 62.6259 25.9422 39.2046 38.3275 80.399 187.043 102.961 119.62 72.9178 95.8175 41.6773 55.4707 67.1863 119.239 110.259 43.6578 49.98 174.287 120.806 114.935 66.0984 86.6833 36.1386 47.2017 179.045 108.074 151.476 203.973 84.5991 88.6397 126.921 92.1954 31.0644 96.0208 130.614 3.16228 14.0357 51.2445 49.4975 99.0858 82.7345 42.0119 193.546 44.7214 107.448 3.60555 46.5296 115.521 95.3362 150.296 34.4384 173.303 196.54 156.732 51.6624 20.0998 126.143 211.596 49.6488 139.169 12.8062 114.018 189.283 30.6105 94.0479 118.878 99.3277 59.7746 140.89 80.4984 122.0 162.496 24.3516 29.5466 102.005 150.735 73.0616 64.0078 58.6003 134.837 208.339 90.6091 174.04 23.4094 147.709 101.02 61.0737 57.1402 23.3238 56.5862 102.883 36.3456 147.34 56.3028 129.711 146.537 184.049 42.4264 203.199 142.864 62.0081 48.6621 14.2127 36.4005 134.629 175.923 102.416 59.4138 47.2969 30.8707 192.769 52.8015 114.061 188.558 57.1402 20.5913 103.812 173.954 142.618 191.094 38.0132 5.09902 67.4759 47.0106 116.516 1.0 146.697 22.3607 148.223 207.692 9.21954 165.952 43.1741 158.0 112.712 199.01 55.0 142.088 
61.4003 52.4786 77.7946 75.8222 102.65 5.0 125.575 40.2244 104.403 26.0 109.238 38.0132 69.3397 36967.9 33.6155 107.042 19.0 88.4816 86.4523 112.894 140.293 128.16 48.1041 61.8466 97.8621 97.9439 32.573 35.171 23.7697 3.60555 51.3128 70.6116 67.5426 41.1947 48.3839 55.9017 113.6 86.3539 32.8938 65.2534 143.377 86.6083 48.9183 33.8378 92.6984 54.8179 32.8938 82.0366 40.7063 91.9837 68.0294 44.7772 86.977 147.299 34.8855 87.6641 115.434 95.5196 130.0 37.9473 77.4661 70.5762 70.6045 35.4683 109.567 55.9464 83.863 14.3178 40.2244 138.279 95.0789 113.252 110.635 139.014 49.3356 94.1541 53.1413 31.0644 142.678 64.8845 67.6757 119.708 138.362 83.006 48.8262 86.7295 127.475 66.6108 114.237 31.9531 129.244 60.1082 22.4722 5.0 112.614 54.0833 91.2195 75.0733 82.6801 86.1452 48.7545 115.017 78.4092 88.2043 146.086 68.0955 81.6149 13.4164 19.3132 22.6274 76.4853 72.7324 97.6217 95.1893 62.0081 63.0 37.2022 133.405 72.2011 52.7731 11.7047 33.9559 37.054 15.0 60.4152 84.8646 41.7732 43.1045 41.9762 125.539 57.0088 46.8402 75.0267 28.178 49.0918 96.5194 128.082 60.4649 96.566 140.431 16.2788 23.0868 64.0703 32.0624 100.404 26.9072 71.0211 71.3442 81.8841 73.8241 45.8912 36.1386 54.5619 84.1487 130.246 78.0256 47.2969 72.6705 65.4905 50.0899 47.634 81.5414 59.4811 108.046 134.06 93.086 93.0 87.6584 58.2409 146.154 99.5038 97.6524 69.3109 66.5733 130.981 99.8649 54.5619 59.2284 38.0789 44.2832 72.2357 40.4969 74.4312 104.235 46.0977 47.2969 57.4891 82.5409 5.09902 7.28011 93.4345 79.404 144.586 63.1348 116.559 52.4976 85.0059 31.7648 97.4166 12.2066 72.2772 99.0051 34.4819 63.0317 93.3006 41.7852 61.6847 80.2309 118.533 29.1204 147.872 103.005 39.2046 50.9902 83.4865 53.2259 91.526 129.711 33.3017 17.72 47.676 89.56 125.284 26.3059 46.3249 120.806 42.0119 89.8888 34.7131 107.87 80.025 140.089 103.619 67.6018 20.5183 35.1283 48.1664 68.5055 86.5794 56.3205 79.1581 143.136 63.0635 104.019 68.1175 106.977 44.2719 145.523 14.8661 90.2497 
62.2896 62.6099 92.7038 45.1774 69.2026 38.2753 96.1301 54.4059 72.1803 56.5862 87.2067 5.0 89.4986 33.6155 33380.4 79.2465 19.7231 55.0 53.8145 94.3027 110.018 95.901 18.4391 89.0225 121.495 119.854 41.4367 26.2488 57.2451 32.2025 72.8354 103.092 72.8011 34.6554 75.0267 37.4833 93.8136 52.7731 62.482 92.0 119.971 53.2635 17.0 63.2535 116.966 56.0803 22.8035 110.073 65.0308 119.017 91.6624 26.4008 55.2178 124.615 68.4763 107.28 86.2844 78.2432 108.674 8.60233 105.019 55.9732 97.0206 52.4976 76.0592 22.8035 112.112 40.4599 40.1995 107.299 63.3877 133.522 79.3095 111.629 76.0263 78.5684 57.4282 46.8722 109.768 42.0476 35.3553 90.0888 109.225 113.137 46.3249 70.7672 104.785 85.8662 80.6226 50.3289 96.1353 28.6531 17.1172 34.5398 82.0244 20.6155 60.075 42.638 102.616 61.0983 28.1603 88.0738 96.1353 107.564 119.05 59.1692 58.5918 23.5372 50.2096 45.0111 104.019 105.849 129.074 114.843 92.7631 93.5575 14.7648 101.435 43.3244 34.7131 43.2782 9.84886 67.6831 38.3275 94.0213 53.2541 48.0104 74.7262 74.6726 92.358 32.249 34.0 108.337 5.65685 79.2465 125.196 95.3362 27.0185 64.6297 114.477 23.8537 16.1555 37.6962 55.9464 119.218 36.1386 41.3038 92.1954 103.368 105.773 47.2017 55.7136 32.3883 113.635 104.048 108.674 18.0278 92.1792 97.2677 29.0 15.2643 67.2086 66.5733 84.309 107.079 67.3573 123.179 109.444 42.638 122.43 128.191 64.2028 84.8646 33.0151 101.005 117.987 25.0 29.4279 11.3137 77.8267 58.1378 72.1249 40.8167 74.0068 65.307 75.2396 25.0 65.8559 28.8444 32.573 124.74 47.3814 118.849 38.0526 86.0233 79.0063 58.2409 32.0156 128.655 40.2616 99.0051 129.259 27.2947 93.2148 61.0 75.1532 46.0977 58.8303 95.0789 57.7062 116.619 69.6563 33.3017 83.4865 102.489 60.5392 58.0086 96.2549 39.2046 50.9902 80.0062 115.278 105.309 58.8727 32.249 101.548 39.0512 109.481 40.1123 85.4283 53.1601 107.448 126.921 89.4427 53.8238 67.0522 53.0848 88.5268 57.4282 83.006 66.8431 118.296 85.8429 76.4853 99.2472 74.0405 33.6155 113.6 44.643 57.28 
136.059 140.428 170.792 78.5175 60.5392 110.223 20.1246 133.417 27.8927 120.075 25.0 74.3303 168.671 107.042 79.2465 53115.4 88.0511 58.0086 68.4105 39.0 35.7771 36.6742 80.6226 167.431 200.731 199.06 120.304 102.786 129.557 104.12 152.069 176.918 147.851 109.786 153.47 53.6004 35.0571 49.0408 122.801 170.575 44.6878 60.6053 75.7694 123.081 196.156 130.924 100.0 188.266 143.892 197.649 170.839 96.7729 74.8131 50.2494 139.302 186.271 10.6301 38.9102 39.8246 71.5681 183.393 49.6488 175.73 100.658 46.8722 59.4643 190.213 105.38 78.4347 36.4005 25.807 212.462 21.0238 32.3883 154.467 43.8292 133.544 126.115 53.3385 97.6524 47.0106 15.6205 31.7805 190.011 73.8241 42.8019 33.2866 164.976 54.5894 101.514 46.8402 74.9466 96.3379 110.005 16.4924 67.624 24.7588 69.3542 181.687 22.4722 95.2733 9.43398 174.889 186.51 39.8121 60.6053 29.0689 101.4 115.918 123.685 182.395 177.91 204.48 193.786 169.047 170.026 89.1852 38.0132 84.386 56.2939 111.879 74.1687 144.003 116.349 163.169 75.2861 86.0058 150.12 148.486 45.8912 50.04 64.0312 179.524 82.6075 156.0 203.121 41.4367 64.8845 26.9258 35.8469 91.1976 84.006 43.0 110.68 197.952 89.4986 38.0789 171.406 182.584 180.544 123.369 105.109 94.8947 191.01 25.4951 185.068 61.5224 171.269 172.351 57.3149 75.0267 47.4236 143.024 18.0 27.8927 15.6525 200.022 188.664 54.4243 46.4004 206.119 59.4811 163.322 60.7454 26.4197 196.563 80.5295 49.8197 70.2567 148.637 50.0 134.201 55.4437 13.6015 144.544 153.209 71.5891 41.7253 102.02 109.073 200.36 36.8917 40.3113 92.0869 17.8885 157.537 22.0907 81.0247 204.353 117.068 177.634 206.039 75.1332 170.003 30.8058 147.105 52.3927 32.7567 24.1661 135.093 46.0435 62.7694 109.11 157.537 181.417 137.568 57.1402 53.9351 85.7263 124.258 154.392 194.25 41.1096 133.184 63.561 40.7922 114.826 188.452 85.0706 23.0217 27.0185 48.5489 206.167 168.689 123.179 142.127 84.534 167.693 22.1359 161.524 52.345 40.8167 165.061 3.16228 175.14 35.6931 67.1863 47.3814 121.017 37.8021 
69.1158 64.3506 92.4175 64.8845 87.7838 22.3607 106.677 53.4135 86.3771 37.6431 90.7083 22.6716 85.8662 19.0 19.7231 88.0511 32547.1 73.5935 73.2462 95.0789 121.495 110.055 37.6962 80.4114 115.741 115.317 42.45 35.4401 41.9762 16.1245 68.0294 89.2693 77.6209 43.6578 66.7083 37.3631 95.5196 70.214 43.1393 83.7437 124.74 72.1249 36.7151 43.8634 110.725 62.434 32.0156 100.841 58.1893 110.644 85.703 41.0122 74.8866 128.787 52.4976 104.202 96.5194 77.8781 111.683 20.8087 96.1769 53.2353 89.0505 33.541 92.9624 39.4081 102.703 21.2603 26.9258 119.641 76.844 130.188 92.1792 120.017 67.6831 76.9415 62.2013 44.4072 125.004 59.5399 50.0899 100.841 119.419 102.005 35.0 69.3181 108.908 82.7647 98.2293 31.0483 111.826 48.3735 20.2485 22.3607 93.9415 39.6989 72.8011 62.2013 99.2824 67.1863 44.0454 96.0208 94.1541 104.657 127.098 52.4976 62.8013 17.6918 31.6228 38.4838 95.1893 90.956 116.52 111.803 81.0062 82.0 30.1496 115.135 62.7694 34.2053 25.4951 16.1245 56.0357 30.4631 77.6209 72.9452 32.28 62.0725 60.6712 108.227 38.0132 29.0689 93.0054 14.3178 68.0661 115.434 110.309 46.0109 78.4347 121.499 4.24264 4.47214 45.0999 36.2353 116.765 18.0278 52.3927 88.1419 99.0051 92.6553 53.0 36.4005 49.2544 103.121 111.288 97.0206 29.1548 89.0056 84.3801 31.1448 34.9857 64.4981 70.1783 89.2693 115.07 74.108 112.0 104.924 40.3113 127.475 118.423 82.807 84.0536 51.6236 112.147 115.974 44.3847 40.8044 20.1246 61.9839 55.0727 53.2635 58.8982 85.5102 61.7738 65.9242 44.6542 64.8845 14.0357 22.1359 112.361 61.4654 125.674 56.2939 97.8621 70.8308 66.0076 17.4929 116.349 29.8329 90.802 118.004 17.2047 82.0244 75.3923 59.9083 43.8634 61.6117 99.8248 47.676 129.294 88.4138 41.7852 69.7209 99.7647 63.7809 76.4853 112.872 22.8035 36.3456 66.4831 107.935 107.224 45.1774 28.2312 102.883 46.5188 106.438 24.0416 89.2693 61.0328 122.197 121.433 84.6936 36.7696 54.0833 38.2753 84.9706 67.7422 74.7329 62.6817 124.31 80.4114 85.0235 87.0919 89.4707 26.9258 127.201 33.3766 72.8972 
90.4489 100.125 129.062 24.0416 14.2127 93.2309 64.405 97.4936 33.6006 111.198 79.6241 51.0882 131.548 88.4816 55.0 58.0086 73.5935 45153.2 10.6301 92.477 72.9178 51.923 42.72 137.528 164.596 161.152 85.1469 65.9697 111.83 87.2009 118.068 156.17 102.591 69.5845 124.04 62.6418 89.5545 9.48683 116.692 139.946 101.98 3.16228 40.2492 117.388 161.009 87.0517 64.846 158.382 113.323 165.922 136.781 55.7315 16.9706 107.713 123.175 147.031 58.0 83.7437 97.6371 53.0377 153.056 75.326 144.368 102.416 25.02 34.8281 160.562 94.8472 83.2406 67.7791 32.2025 172.073 43.6005 84.0238 125.0 87.1321 91.0 93.145 61.0082 46.8722 29.4109 59.0339 76.3217 163.515 84.6936 81.3941 91.2634 127.475 26.9258 101.213 47.0425 31.0483 68.4251 88.8369 49.0408 34.4093 34.0 17.0 143.126 56.5155 52.345 66.8431 135.015 147.014 91.4002 85.1587 60.531 77.026 104.995 95.2733 152.082 159.665 180.613 154.0 144.312 144.9 54.7814 58.2409 31.0483 62.6259 98.2344 58.0 120.017 90.377 148.718 17.8045 92.6607 127.534 128.363 43.0465 51.5461 68.942 162.413 60.6053 130.74 173.669 48.6621 28.0179 31.241 90.6091 77.8332 69.3109 47.8539 108.467 157.08 86.2148 38.1182 134.629 145.417 158.231 82.1523 106.4 49.0102 163.322 81.3204 159.703 47.4342 133.304 149.693 57.7754 41.1825 82.0244 100.045 73.3553 81.4678 57.5847 173.367 151.331 68.1542 103.276 176.59 9.21954 123.016 22.0227 66.3702 155.158 38.0789 40.8534 54.5619 132.401 77.2334 126.811 15.0 45.3431 109.836 125.228 31.7805 77.1622 83.8153 86.4523 176.173 27.1662 94.921 42.2966 52.2015 127.613 50.448 79.0569 179.947 93.4773 146.537 179.402 72.111 144.222 27.2029 129.495 69.4262 64.2806 81.8352 109.385 75.0 14.8661 69.8713 136.854 142.032 96.0208 3.16228 44.4072 86.5332 105.475 133.282 160.953 98.0051 112.77 67.1193 96.6075 74.4312 149.013 86.8217 77.3886 48.5077 60.2993 169.358 133.09 108.812 120.304 95.2733 130.553 42.0595 131.472 85.0235 96.8762 130.698 57.1402 150.987 29.5466 71.1126 69.4262 97.949 20.2485 
82.0244 92.7793 121.037 15.0 19.105 91.351 75.0 91.214 44.2041 110.39 89.4707 50.6063 124.459 86.4523 53.8145 68.4105 73.2462 10.6301 43923.2 102.044 83.1865 61.6847 38.833 131.867 157.407 153.639 79.3788 60.5392 109.202 85.5862 111.826 152.118 94.0851 63.0635 118.68 67.7422 99.2824 19.4165 116.276 134.104 112.539 7.81025 37.5366 117.034 154.042 79.1012 59.9333 152.486 107.912 159.59 130.269 49.6488 6.40312 118.258 120.603 139.359 68.6222 92.4446 107.898 53.535 147.122 82.0061 138.322 103.942 33.9559 36.7696 154.69 94.2603 86.1626 77.8781 42.638 164.012 54.2033 94.6414 119.616 95.5667 83.2947 87.6641 69.4622 38.0526 35.0143 69.6563 86.8217 158.24 88.6002 89.4427 101.607 120.354 34.0 102.396 55.7315 26.6271 65.215 86.2148 59.6657 33.6006 44.1022 11.4018 135.624 65.4599 45.8803 77.3369 127.318 139.291 102.005 91.1976 68.884 74.2024 103.966 90.7855 146.164 156.064 175.693 146.168 139.617 140.118 50.774 68.0074 22.0227 67.2681 96.8762 58.5235 115.884 86.6083 146.014 7.2111 95.462 123.548 124.868 51.788 56.5685 72.8011 159.0 59.4643 126.143 167.72 57.9741 27.4591 41.7732 101.237 77.4661 69.2026 54.0093 109.041 149.013 87.4643 45.2769 127.577 138.177 153.844 74.9667 107.703 41.7732 157.813 91.9239 154.693 49.7695 126.02 145.344 61.8466 38.8973 89.56 92.0869 83.3547 92.0978 67.1193 167.967 144.007 73.5527 113.864 170.602 15.0333 115.352 22.8473 76.8505 147.0 33.121 45.5412 55.5698 129.619 84.0238 125.897 19.0263 55.9017 103.581 120.154 29.0 85.0 82.0731 83.6002 171.231 35.7351 105.551 34.0588 62.8013 122.09 59.4643 80.9506 174.929 90.1388 140.52 173.954 74.2496 139.316 37.6431 126.491 75.2396 72.3671 92.0869 105.119 84.7585 18.4391 63.6003 133.094 134.373 88.459 12.53 52.0096 88.5494 102.801 129.495 154.353 108.046 109.554 70.8802 106.471 67.6831 141.287 89.0 87.2353 57.0088 69.2315 162.003 126.301 106.963 116.619 98.6813 123.471 51.4782 125.865 92.1954 107.49 124.197 67.424 146.322 39.8246 74.6324 78.848 94.578 30.6105 
156.208 156.579 186.196 109.078 97.7446 114.56 51.264 147.177 66.3702 117.614 14.0 90.2109 180.834 112.894 94.3027 39.0 95.0789 92.477 102.044 56301.1 63.6318 73.7564 102.552 174.614 210.685 210.395 134.826 120.433 131.795 109.417 163.083 177.248 167.048 128.6 161.276 58.1378 4.47214 83.006 118.106 178.07 35.4401 94.541 97.591 118.068 205.572 150.207 117.068 194.281 153.212 204.534 180.712 117.686 108.259 37.3363 139.442 199.123 46.6905 17.4642 19.4165 85.703 189.974 42.45 183.439 94.0479 85.4751 81.3449 195.969 106.301 75.1332 67.5426 61.8466 225.204 60.0083 46.6905 162.225 20.0 151.727 138.636 89.1852 124.197 72.2011 50.448 55.4707 193.569 67.4759 26.4764 21.095 177.612 93.3435 96.1873 85.0 100.896 109.772 117.047 55.1453 90.5539 58.8218 99.985 194.24 37.4433 117.456 34.9285 188.725 199.542 49.8197 48.0416 36.7696 111.826 115.412 133.54 189.011 176.479 205.526 206.737 172.586 173.77 107.615 73.3757 113.719 61.2699 113.78 86.093 148.93 125.539 160.153 108.227 79.1581 153.587 150.443 84.4808 62.2013 66.1287 177.229 95.5249 160.801 208.147 79.2465 90.2718 63.561 41.4005 96.7988 92.1954 58.0517 105.076 211.57 88.8426 60.6053 183.175 194.077 181.728 141.481 98.0051 118.802 195.351 36.2353 188.098 77.0065 183.897 174.264 65.8635 96.2081 32.249 160.863 21.0 41.8688 34.9285 203.214 200.002 54.7814 38.6005 211.073 95.8801 178.059 88.2326 56.8595 210.642 104.738 68.593 83.2166 147.98 41.0 129.016 85.5862 52.1536 156.589 160.056 96.4261 30.3645 108.503 117.175 201.814 66.6483 43.566 118.562 55.5788 165.387 43.0465 81.7435 205.779 124.652 185.054 208.952 78.4347 174.195 66.4831 147.503 51.264 35.609 19.7231 141.989 75.2928 99.925 127.413 159.138 194.589 154.777 92.358 92.5419 83.1865 127.816 156.525 202.41 13.0 136.795 66.8506 8.06226 133.222 201.358 82.0366 16.0312 46.6154 84.119 216.412 179.769 123.968 145.784 75.0 179.922 50.5668 169.189 36.0139 39.3573 175.482 38.1182 177.902 74.3303 68.6222 79.6241 127.758 72.7324 
