100 100
10610.4 85.9826 87.8635 79.2465 75.7694 43.1856 50.4777 76.7919 36.8782 54.1202 38.6005 27.6586 99.925 73.0068 105.589 22.8254 100.881 19.0263 27.313 76.922 25.807 54.6717 46.8722 79.3095 15.8114 40.8044 86.977 44.0114 80.9938 33.2415 66.4003 13.3417 26 82.0061 60.8769 35.2278 54.4059 38.5876 16.1245 38.833 91.9239 43.8292 76.5506 88.6397 58.0086 70.9366 66.4831 29.1204 79.177 46.8722 72.45 69.1231 2.23607 47.4131 64.3506 51.6236 48.4665 95.3362 57.28 26.1725 72.2357 47.5079 92.9731 106.104 79.177 33 25.4951 46.6154 88.2383 56.0803 68.1175 34.8855 7.81025 69.527 95.0842 94.1913 37.1214 75.8947 45.0999 98 46.3249 90.3383 30.2324 93.1075 68.1836 26.4008 92.1954 50.3289 13 51.9711 75.1532 56.6127 39.9625 98.4124 96.1353 39.6232 51.0882 55.4707 89.1964 19.2094 
85.9826 10762.9 66.4906 15.6525 18.1108 85.8836 44.2832 58.1378 104.809 75.8947 50.2096 69.527 75.2728 18.6815 21.2132 66.7083 28.8444 78.1857 94.3663 81.0555 62.6498 32.311 39.1152 14.3178 81.3449 67.6018 76.6551 43.8406 19.4165 71.8471 20.2485 77.3369 102.533 25.9615 63.3482 63.0079 31.7648 77.5242 76.5572 52.2015 72.0347 80.4984 21 14.2127 50 18.0278 39.4588 58.7963 10.198 61.7414 22.3607 30.4138 86.267 50.2494 83.9524 37.3631 54.037 74.7262 65.2534 83.8689 74.1687 92.5743 23.3452 25.318 84.0238 107.629 83.0963 71.1758 82.4924 87.9204 51.1566 75.1665 78.5493 19.105 48.7647 57.3847 56.7539 23 69.029 53.7122 98.0051 87.4643 79.404 85.9884 42.19 60 45.618 40.025 93.723 62.1289 15.5242 39.0128 52.6308 17.72 80.2808 88.3233 54.231 41.0122 20.8087 68 
87.8635 66.4906 10420.2 77.2528 49.6488 55.109 83.4506 12.2066 80.05 38.6394 56.9386 60.208 12.53 50.6952 68.3593 84.0773 50.01 94.541 75.326 23.3452 81.0062 68.884 64.3817 75.9605 73.5527 47.3814 11.7047 56.4004 47.0744 55.3263 66.7308 74.5252 86.3713 40.6079 27.1662 52.8867 65.2993 53.0377 90.6201 81.2158 5.83095 50.4876 46.1736 54.231 32.7567 71.5542 32.8024 63.561 57.28 41 46.6154 39.8246 86.4928 87.7268 36.2353 74.3303 92.6984 9.21954 31.0644 67 21.0238 57.8705 48.0416 61.9839 24.8395 87.2983 67.0075 43 17.72 46.6154 22.8035 55.0364 84.4808 71.1196 23.7697 14.4222 85.8021 44.2719 104.202 21.6333 64.5136 22.561 61.0082 20.025 29.2062 68.4471 24.7386 77.1038 86.1452 102.65 53.1413 83.0963 83.2406 60.075 13.9284 60.0167 38.0789 84.386 48.0416 81.0247 
79.2465 15.6525 77.2528 10456.1 27.7308 86.977 32.311 67.4463 102.956 79.6304 47.8539 67.5352 87.2067 26.5707 35.2278 58.0086 44.4185 68.6003 91.9239 88.6848 54.2033 24.8395 33.8378 1.41421 77.4209 68.6804 86.4002 41.6293 31.6228 71.3092 14.8661 72.6223 98.813 38.2753 69.0072 62.3939 26.0768 78.1089 67.6757 42.19 83.006 82.0061 31.305 29.2062 55 8.94427 46.6905 54.9181 20.8087 64.1327 30.6757 38.0789 79.9062 37.9473 89.0898 27.8029 41 86.0058 70.0643 81.8841 81.4985 93.9628 38.4187 40.5216 91.7878 104.561 81.0062 73.5459 91.9239 91.2414 58.8558 75.0267 71.5052 10.2956 62.2013 69.9714 46.0652 33.1059 55.7315 67.2012 98.6813 96.7729 78.2943 95.8801 50.01 54.8179 58.8218 29.6816 88.6172 48.0937 24.1661 26.2488 42.0595 33.2415 91.1811 88.6002 57.4282 28.1603 35.3836 60.3075 
75.7694 18.1108 49.6488 27.7308 9350.94 69.3397 43.9659 40.4475 89.8276 58.3095 37.5899 55.4437 59.4811 3 31.1448 59.6825 26.0768 71.7008 79.9812 63.0079 55.5788 28.6356 31.1448 26.4008 68.5055 51.4004 59.2284 31.7805 6.08276 56.5862 20.2485 65.3682 89.0225 11.4018 45.3542 48.1041 26.1725 61.4003 69.2315 48.0937 55.3624 63.8122 3.60555 13.0384 32.311 23.3452 21.3776 46.9574 8 44.9444 4.47214 12.3693 75.6439 49.7293 65.9697 34.9285 54.4059 58.3095 47.4342 69.3542 56.0803 75.8024 18.0278 30.4138 66 93.5094 68.6804 54.2033 64.9384 70.3847 33.0606 59.5483 68.9493 23.3452 35.3553 42.4382 53.1507 5.38516 68.884 40.3113 81.5414 69.8713 64.3506 68.6586 24.0832 49.3964 31.8277 38.0789 81.6333 63.9062 3.60555 40.7185 49.2544 23.0217 63.5689 72.2011 37.2156 42.5441 14.0357 59.6657 
43.1856 85.8836 55.109 86.977 69.3397 9980.98 71.1126 47.5395 25 16.4924 40.3113 23.5372 65.192 67.7422 99.8098 53.3104 87.7268 58.2495 21.3776 37.3363 52.811 64.7765 55.4437 86.3308 27.5862 18.3848 50 45.8912 72.0069 17.0294 72.1249 32.2025 32.1403 69.3542 30.4138 25.1794 62.1691 9.05539 54.0833 61.8142 57.3149 5.65685 68.0074 81.4002 38.2099 78.1601 50.2494 37.2156 76.1577 24.4131 64.8999 57.8014 41.1096 71.7008 22.8035 66.1211 75.3127 60.1332 26.4197 17.0294 35.0571 7.07107 81.3449 97 38.833 32.249 17.6918 15.5563 49.366 13.0384 43.8292 13.0384 44.2041 76.922 71.1196 66.1287 63.7887 66.4003 79.4796 72.0902 12.2066 50.2195 13.8924 53.7587 49.5177 40.7922 69.4622 67.0075 35.7771 82.9699 70.8308 75.0067 63.9531 91.0494 59.0339 5 32.2025 75.0067 78.6448 48.3322 
50.4777 44.2832 83.4506 32.311 43.9659 71.1126 9822.93 71.5052 80.5233 69.9214 32.28 48.0104 95.483 41.1096 65.4905 27.8029 68.884 37.0135 69.1231 86.3539 24.6982 15.6525 19.4165 32.8938 53.1601 55.109 89.202 29.0689 50 54.0833 25.0799 47.4342 73.5391 54.7814 64.8845 46.5296 18.868 62.2013 36.7696 11.6619 89.1403 67.4759 46.8188 53.3385 52.4309 26.3059 50.9902 34 42.2966 54.0833 43.4626 46.3249 51.6236 6 81.2712 9.43398 10.4403 92.6553 63.9766 60.6712 79.2591 78.0577 61.1882 69.0072 89.4707 80.0562 59.6825 61.8466 93.4773 79.4292 60.959 58.0775 42.72 25.1794 77.026 81.6088 14.2127 47.5395 25.1794 81.6333 81.0555 97.6371 59.0762 98.2293 54.4885 31.257 73.4302 6.40312 61.7171 20.1246 41.2311 6.40312 10.6301 61 96.4261 71.007 50.5371 5 57.2713 31.3847 
76.7919 58.1378 12.2066 67.4463 40.4475 47.5395 71.5052 9200.54 72.45 31.305 44.7772 49.2544 24.6982 41 63.3246 72.0139 46.5188 82.6378 66.4906 24.0416 68.884 57.2014 52.3259 66.2193 63.0317 37.0135 18.9737 44.2041 39 45.0111 55.9464 63.5059 77.4661 33.1361 17.4642 41.5933 53.6004 43.9318 78.7718 69.029 17.6918 42.3792 37.2156 47.2652 20.5913 61.0983 21.4709 51.6236 48.3735 30.0666 36.8782 29.4109 75.5381 75.6637 32.5576 62.482 80.6226 21.2603 21.587 57.4282 18.3576 51.4782 42.72 57.9396 26.6833 79.1202 57.3149 33.7343 24.5153 41.4005 10.6301 45.2769 73.0068 60.5392 24.2074 18.6815 73.6003 35.2278 92.0054 24.5967 58.1808 29.4279 51.3517 28.4605 17.8885 56.4624 23.3452 65.192 76.0263 90.5539 43.7379 71.4003 71.0634 54.5711 25 52.2015 26.2488 72.6223 41.7732 69.0797 
36.8782 104.809 80.05 102.956 89.8276 25 80.5233 72.45 12091.7 41.4849 55.2268 35.5106 89.8053 87.7838 120.917 56.0803 110.603 55.7315 11.4018 61.0328 57.4282 78.721 69.3181 102.577 27.4591 39.2046 74.3303 61.5873 93.3809 33.2415 88.3233 33.3766 12.8062 91.6788 55.1543 41.8688 76.9415 29.6816 52.345 69.4262 82.0366 30.0832 89.1067 102.533 61.0328 94.0213 72.8011 48.3322 95.7758 46.6154 85.5628 79.3095 34.7131 79.2465 46.0109 78.1857 81.6149 84.7172 51.0784 21.095 59.6825 23 103.711 119.004 62.0081 8.544 21.9545 39.3573 73.0068 35 68 30.4795 42.107 92.6607 95.7549 91.0824 69.5845 87.7268 81.1542 96.933 17.2627 73.1095 25.4951 77.026 72.6705 49.6488 93.9149 78.1089 24.3516 87.023 90.6863 85.7263 71.1969 112.45 83.1505 20.2485 54.2033 85.1645 100.658 51.1566 
54.1202 75.8947 38.6394 79.6304 58.3095 16.4924 69.9214 31.305 41.4849 8746.43 37.6431 28.3196 49.0102 57.2451 87.4643 58.258 73.7564 65.8559 37 22.8473 56.6127 60.2993 51.788 78.7718 38.4838 15.8114 34.2345 41.5933 59.9416 21.4009 65.192 41.3401 48.0104 56.3028 14.8661 24.6982 57.1402 15.8114 61.6198 62.6498 41.0488 12 56.3649 69.3542 26 71.2531 37.5899 38.5876 65.7875 16.1245 53.8516 46.0977 52.3259 71.8679 11.6619 63.1506 76.1577 44 11.4018 29.8329 19.105 20.2485 68.0074 83.8153 25.0599 48.6621 30.0832 8.60233 34.4819 12.083 29 19.2354 53.0094 70.1783 55.2268 49.7695 65.7647 54.5619 83.2166 55.9017 26.9258 36.2491 24.3516 39.2173 36.0555 43.2666 53.8238 64.7611 49.4773 84.9706 60.407 72.5672 64.8845 78.5493 43.4166 21.3776 22.2036 73.0068 65.7343 53.8145 
38.6005 50.2096 56.9386 47.8539 37.5899 40.3113 32.28 44.7772 55.2268 37.6431 6946.22 19.7231 69.4622 34.9857 68.2422 27.5136 62.2977 38.833 44.4072 55.2178 24.1661 24.5153 15.1327 47.4131 31.241 23.0868 60.208 6.40312 42.5441 23.7697 33.121 27.7849 52.3259 43.4166 34.0588 15.1327 22.1359 31.257 35.3553 25.807 62.1289 36.0139 38.0789 50.6063 24.1868 38.9102 29.1548 9.48683 42.0119 21.9317 34.0147 30.5941 38.2753 34.4384 49.0408 26.0192 38.9487 65.7343 32.45 34.1321 48.4149 47.3814 54.4243 68 58.2495 57.4891 33.2866 29.6142 63.6553 47.3814 34.4384 27.6586 32.3883 37.5766 58.4209 59.4811 29.7321 37.3363 48.0833 61.9839 51.4198 67.3573 30.4631 68.593 31.5753 13 55.2268 27.2947 44.1022 48.2597 37.4433 35.2278 28.0179 60.5392 68.4105 41.2311 19.799 35.5106 50.6952 25.318 
27.6586 69.527 60.208 67.5352 55.4437 23.5372 48.0104 49.2544 35.5106 28.3196 19.7231 8655.63 72.2772 53.1507 86.5563 30.5287 78.2943 37.5366 24.8395 50.4777 29.5466 43.6578 34.176 67.1193 14.3178 13.4164 59.6154 26.0768 59.6406 7.2111 52.8394 14.3178 33.6006 59.0593 33.2415 8.24621 41.6293 15.2315 33.3017 38.3275 64.2884 21.0238 55.2178 68.4105 31.4006 58.5918 41.4367 14.0357 60.8112 19.2354 51.4004 46.1411 26.3059 48.2597 39.6232 43.9318 51.788 67.72 29.7321 14.4222 45.1774 30.2655 70.8308 85.4459 53.0094 38.1838 13.6015 20 61.2944 34 41.0488 10.7703 25.0599 57.2451 68.7314 67 40.2616 54.0833 56.3649 71.2531 33.0606 63.8122 11.1803 66.242 42.45 17.2627 66.0984 44.4072 27.8927 59.4811 55.9017 52.345 40.4475 78.4092 68.7095 23 24.1868 52.1536 67.4166 25.807 
99.925 75.2728 12.53 87.2067 59.4811 65.192 95.483 24.6982 89.8053 49.0102 69.4622 72.2772 11660.6 60.9016 74.108 96.6023 55.0091 107.019 86.0058 29.7321 93.5361 80.6598 76.5768 85.8662 85.3288 59.2284 15.8114 68.8186 56.0803 67.082 77.666 86.5852 97.0206 49.3964 39.0512 65.146 77.1038 64.1249 103.078 93.6002 8.06226 61.0082 55.9017 62.0967 45.2769 82.1523 44.5533 76.0592 66.7083 53.1601 56.9386 50.8035 98.4886 99.905 44.3847 86.267 104.89 5.09902 42.7551 78.2304 30.1496 67.082 54.7449 67 29.9666 97.4166 78.3135 54.3323 19.4165 55.3173 35.2278 66.4831 96.7678 81.8352 28.0713 18.2483 98.2293 54.1202 116.606 24.0208 73.5459 22.6274 72.3395 18.4391 41.0122 80.9568 30.4138 89.1067 97.6217 114.865 63.0635 94.8472 95.6033 66.4831 9.21954 70.1783 50.5668 96.2081 55.5428 93.5201 
73.0068 18.6815 50.6952 26.5707 3 67.7422 41.1096 41 87.7838 57.2451 34.9857 53.1507 60.9016 9128.53 33.4215 56.7186 29.0689 68.7314 77.7946 63.0317 52.6118 25.7099 28.1603 25.2982 66.0303 49.6488 59.9083 29.0689 9.05539 54.5619 17.8045 62.7694 86.6833 13.8924 44.7214 45.9674 23.1948 59.6406 66.2873 45.0999 56.4624 62.2656 5.83095 15.6525 31.3209 21.4009 21.0238 44.2945 8.544 43.4166 4.12311 12 72.9178 46.8402 65.307 32.0156 51.5461 59.5063 46.5725 67.1789 56 74.3034 21.0238 33.1059 66.0681 91.2853 66.4831 52.7731 65.5134 69.2892 33.0151 57.6281 66.1287 21.2603 37.5366 44.2041 50.1597 7.07107 65.9697 42.45 79.925 70.406 62.2896 69.3758 24.0208 46.6154 33.9706 35.171 79.0759 61.0983 3.16228 38.0132 46.2709 25.5539 64.622 70.4557 35.7771 39.8121 17.0294 56.7539 
105.589 21.2132 68.3593 35.2278 31.1448 99.8098 65.4905 63.3246 120.917 87.4643 68.2422 86.5563 74.108 33.4215 12465.2 87.3155 19.2354 98.9798 111.126 87.3613 83.2166 53.1601 59.0931 34.1321 99.4032 82.2192 79.7621 62.1289 27.8029 87.6812 41.2311 95.9635 120.104 31.305 73.3553 79.2465 52.2015 92.1954 97.1442 73.2462 73.1095 94.2019 31.8904 18.4391 61.8547 39.2046 49.93 77.3886 26.4197 75.4321 35.3553 42.0119 105.679 71.4493 93.5201 58.4637 75.1665 75.0067 76.1577 100.499 81.2712 106.019 20.6155 8.06226 89.9889 124.652 99.8248 84.4038 85.8429 99.4786 59.5063 90.5539 98.387 40.3113 46.0435 56.0089 77.8781 33.4215 90.1388 50.2494 112.004 90.7965 95.462 88.3629 51.4782 79.2591 44.0114 61.1882 112.33 83.006 30.8058 60.1332 73.7564 8.94427 81.0247 102.942 67.624 62.1289 21.9317 88.2383 
22.8254 66.7083 84.0773 58.0086 59.6825 53.3104 27.8029 72.0139 56.0803 58.258 27.5136 30.5287 96.6023 56.7186 87.3155 9660.23 85.7088 12.0416 45 79.2465 4.12311 34.4384 28.6356 58.2495 29.0689 42.5206 86.267 30.2655 65.4905 37.7359 46.5188 23.0868 47.2969 68.0294 59.4054 33.9411 35.1141 45.6508 9.84886 16.2788 89.0674 51.4782 61.2944 71.8053 51.4782 50.2494 56.2939 20.8087 61.4003 45.4533 57.2189 56.0803 24.1661 24.5967 69.814 30.2324 25.9615 92.6607 56.8507 38.833 73.1095 59.4643 77.6466 89.0225 82.0366 54.1295 37.855 49.679 89.0225 64.4981 61.8466 41.1825 15.2315 48.8774 85.5102 86.977 14.3178 61.131 26.2488 89.2693 60.6383 92.1954 39.5601 94.0213 58.9406 15.8114 82.201 28.4253 34.7851 31.0161 58.2495 34.0588 17.2047 81.0432 94.8736 51.5461 46.1411 32.8024 73.6817 5.09902 
100.881 28.8444 50.01 44.4185 26.0768 87.7268 68.884 46.5188 110.603 73.7564 62.2977 78.2943 55.0091 29.0689 19.2354 85.7088 11537.8 97.7394 101.789 70.3847 81.6149 54.1479 57.2189 43.0465 92.1358 71.4003 61.6117 57.0088 20.2237 77.9359 43.9318 89.6939 111.647 19.2354 59.0339 70.3278 52.0096 81.0555 95.1893 74.0068 54.4518 82.0731 24.5153 15.8114 49.679 44.5982 37.8021 71.7844 26.6833 64.0312 28.6356 32.2025 100.568 74.8131 78.2304 60.2993 79.2465 56.1427 62.3699 91.2688 64.846 93.3488 8.06226 12.0416 72.8011 115.378 90.7359 72.1803 67.6831 85.4283 44.8219 80.2122 94.3716 45.2217 27.0185 37.054 79.0253 25 94.0479 31.0644 99.7046 72.5672 85.703 69.8713 38.2099 74.7262 25.318 63.3877 105.603 88.295 28.0179 64.7611 75.06 13.0384 62.2013 91.4385 56.4004 66.7083 12.0416 85.5102 
19.0263 78.1857 94.541 68.6003 71.7008 58.2495 37.0135 82.6378 55.7315 65.8559 38.833 37.5366 107.019 68.7314 98.9798 12.0416 97.7394 10701.9 45.607 87.8009 16.1245 45.8803 40.6079 68.9638 31.305 50.6063 95.8801 42.107 77.5242 44.5533 57.9396 26.0768 45.0111 80.0562 68.9638 42.72 46.8402 51.7397 4.24264 26.4197 99.3177 57.4891 73.3348 83.7437 62.2977 61.2699 67.897 31.0161 73.2462 54.7083 69.2604 68.0294 21.095 32.5269 77.0779 41.1461 32.2025 102.883 66.0379 42.0595 82.0975 63.6318 89.6772 100.896 90.4268 52.0096 41.1825 57.4891 98.1835 70.4344 72.7324 47.4236 14.3178 59.9333 97.1648 98.2344 22.8035 73.171 26.3059 100.807 63.561 101.02 44.4072 103.175 70.406 26.2488 93.9042 38.9487 32.0156 33.8378 70.214 43.4166 26.6271 92.8924 104.709 55.5698 56.4624 41.8688 85.7088 13.6015 
27.313 94.3663 75.326 91.9239 79.9812 21.3776 69.1231 66.4906 11.4018 37 44.4072 24.8395 86.0058 77.7946 111.126 45 101.789 45.607 11112.6 58.6941 46.1736 67.5352 58.1808 91.586 16.1245 30.8707 71.1126 50.8035 83.8689 23.8537 77.3886 22.0907 11.0454 82.662 49.0306 31.8904 65.8635 22.561 41.9762 58.0517 78.0256 25 79.511 92.8493 52.7731 83.006 64.1405 37.1214 85.5862 38.4838 75.8222 70 25.0799 67.897 44.1475 66.8506 70.3491 81 44.911 10.6301 56.0357 22.8254 94.6256 109.636 60.208 13.6015 11.3137 32.7567 70.7107 33.8378 60.7454 21.9317 31.5753 81.6333 88.8651 85.1469 58.3095 78.2432 70.4557 90.5207 19.799 71.5891 16.1245 75.1332 64.4127 38.2753 86.7295 66.7308 16.2788 76.0066 80.6102 74.3303 59.8415 102.825 80.2247 16.4924 45.6508 73.7631 91.4002 40.0125 
76.922 81.0555 23.3452 88.6848 63.0079 37.3363 86.3539 24.0416 61.0328 22.8473 55.2178 50.4777 29.7321 63.0317 87.3613 79.2465 70.3847 87.8009 58.6941 10347 77.0779 74.0945 67.082 87.5728 61.327 37.2022 13.9284 57.3062 62.3939 43.909 75.71 64.0078 69.4622 56.8859 21.4709 45.3431 70.5762 38.6264 83.6002 81.0247 22.8254 34.2053 60.075 71.0211 34.7851 81.3941 42.107 58.6941 71.007 33.9706 59.0085 51.0392 75.1532 89.3588 15.0333 78.2943 94.0319 24.6982 22.8035 52.4976 7.28011 38.0526 66.7608 81.9329 3.16228 69.0072 52.811 30.5287 12.0416 26.0768 30.0167 42.0476 75.4718 80.604 46.0435 37.5366 84.8116 58.0775 102.942 44.6878 44.2832 13.4164 47.1699 16.4924 39.0128 63.6396 46.1411 80.4984 72.1249 103.47 66.0076 87.7268 83.2346 78.5875 22.2036 42.2966 35.8469 88.5664 65.7343 75.1665 
25.807 62.6498 81.0062 54.2033 55.5788 52.811 24.6982 68.884 57.4282 56.6127 24.1661 29.5466 93.5361 52.6118 83.2166 4.12311 81.6149 16.1245 46.1736 77.0779 9353.61 30.4138 24.5153 54.4059 30.0666 40.8044 83.6002 26.4764 61.4003 36.6742 42.4853 24.0832 49.3356 64.0078 56.8507 32.0156 31.0161 44.7772 13.9284 13.0384 86.093 50.5668 57.2189 67.6831 48.3011 46.3249 52.6308 18.3848 57.28 43.1393 53.1507 52.1536 26.9258 22.1359 68.2422 26.4008 24.1868 89.6939 54.4885 39.2046 70.7672 59.203 73.5527 84.8999 79.9312 56.0446 38.2099 48.0104 86.5563 63.5059 58.6003 40.3113 18.0278 44.9444 81.7863 83.4865 12.1655 57.0789 26.8328 85.6154 60.8276 89.8721 39.2938 91.5478 55.3624 13.4536 78.4474 24.7588 37.1618 30.4138 54.1295 30.8058 14.3178 76.922 92.0869 51.4198 43.2666 29.6816 69.5845 6.7082 
54.6717 32.311 68.884 24.8395 28.6356 64.7765 15.6525 57.2014 78.721 60.2993 24.5153 43.6578 80.6598 25.7099 53.1601 34.4384 54.1479 45.8803 67.5352 74.0945 30.4138 8472.31 9.48683 24.7588 52.6972 47.0956 75.4718 19.0263 34.7131 48.2701 12.083 47.8017 74.0608 39.2173 52.811 39.6232 3.60555 55.7315 44.2832 20.2237 74.6525 60.2993 31.3209 39.0128 39.3954 16.2788 36.1248 30.4138 28.0713 44.1814 27.8568 30.8058 55.2268 21.1896 71.0211 6.32456 26 78.1025 52.6308 57.7754 66.8506 71.8471 46.2709 55.5788 77.2528 79.925 56.8595 53.0094 80.1311 71.007 46.8722 52.1728 47.0106 14.8661 61.4003 66.2193 25.0799 31.9531 40.2616 66.0379 75.9276 84.534 54.7083 84.7231 39.6989 30 57.8014 9.48683 63.7809 35.7771 26.1725 14.2127 21.0238 47.5184 82.201 65.7343 39.0512 15.5563 42.2966 36.0555 
46.8722 39.1152 64.3817 33.8378 31.1448 55.4437 19.4165 52.3259 69.3181 51.788 15.1327 34.176 76.5768 28.1603 59.0931 28.6356 57.2189 40.6079 58.1808 67.082 24.5153 9.48683 7881.62 33.6006 43.6005 38 69.814 10.198 37.054 38.833 19.799 38.9487 65 40.1995 45.618 30.2655 7.81025 46.3897 38.3275 18.0278 70.0071 51.0882 33 43.1741 33.0151 25 32.45 21.095 32.8938 35.6931 29.0172 29.4109 47.2017 23.3452 62.8172 11.4018 28.3196 73.5527 44.9444 48.3322 59.9416 62.514 49.163 60.4401 70.214 70.7248 47.4236 44.1814 74.0608 62.1289 41.7253 42.7551 39.4462 23.6008 60.1664 63.6318 23.0868 33.0606 40.7063 64.4748 66.4906 78.2304 45.2217 78.8162 35.805 21.2132 56.648 13.4164 55.1543 38.2884 29.6142 20.8806 19.6977 52.4976 77.1557 56.2939 31.3847 21.5407 45.1774 29.1548 
79.3095 14.3178 75.9605 1.41421 26.4008 86.3308 32.8938 66.2193 102.577 78.7718 47.4131 67.1193 85.8662 25.2982 34.1321 58.2495 43.0465 68.9638 91.586 87.5728 54.4059 24.7588 33.6006 10429.3 77.201 68.0074 85.1645 41.1461 30.2324 70.7743 14.3178 72.4707 98.6002 36.8917 68 61.8466 25.807 77.4919 67.9559 42.5441 81.7068 81.3204 29.9666 27.8029 54.0093 8.60233 45.5412 54.6443 19.4165 63.3482 29.4109 36.8782 79.9312 38.6005 88.1419 28.0179 41.7732 84.6936 69.1158 81.4923 80.399 93.3006 37.0135 39.2938 90.6697 104.293 80.6226 72.7805 90.7083 90.4268 57.7062 74.4648 71.5891 10 60.803 68.6003 46.5188 31.7805 56.5685 65.8027 98.0816 95.5667 77.8203 94.6414 48.8365 54.6717 57.4282 30.0167 88.5268 49.0408 22.8473 26.9258 42.4853 31.9531 89.8888 88.0227 56.5685 28.8617 33.9706 60.4401 
15.8114 81.3449 73.5527 77.4209 68.5055 27.5862 53.1601 63.0317 27.4591 38.4838 31.241 14.3178 85.3288 66.0303 99.4032 29.0689 92.1358 31.305 16.1245 61.327 30.0666 52.6972 43.6005 77.201 9940.32 26.1725 71.8401 37.5366 73.0616 18.2483 63.2535 6 21.4009 72.9178 46.3897 22.561 51.4004 22.8254 27.313 41.9762 77.2787 28.0179 68.6003 81.5414 45.7056 68.6003 55.6597 22.6716 73.2462 33 64.6607 59.9333 13.8924 51.788 48.5489 51.4296 54.231 80.604 42.5793 10.8167 56.921 32.45 84.534 98.7927 63.5059 27.2947 10 31.3209 72.8011 40.3609 55.2268 19.3132 17 67.2012 83.0241 81.0555 42.19 67.6018 54.9181 85.4751 32.311 74.7329 14.4222 77.6209 56.7539 22.8254 80.4114 51.0784 13.6015 60.075 68.6003 58.5235 43.7379 91.526 81.0432 24.4131 38.4708 57.8705 81.0062 24.0208 
40.8044 67.6018 47.3814 68.6804 51.4004 18.3848 55.109 37.0135 39.2046 15.8114 23.0868 13.4164 59.2284 49.6488 82.2192 42.5206 71.4003 50.6063 30.8707 37.2022 40.8044 47.0956 38 68.0074 26.1725 8221.92 46.2385 28.0713 54.4885 8 53.8516 27.5136 41.4367 52.4976 20.2237 8.94427 44.2832 10 46.4004 47.1699 51.1957 13.3417 50.3289 63.7809 21.9545 59.9083 33.6006 22.8254 57.9828 7.61577 47.0106 40.3113 39.2938 56.6127 27.4591 49.0918 60.7454 54.5711 16.4924 20.8806 31.7648 25.2982 64.5368 79.9312 39.8246 44.2945 20.6155 7.2111 47.8853 24.3311 30.0832 8.94427 38.4708 58.6941 58.2409 55.3263 50.0899 48.8365 67.4166 60.208 30.4138 50.4777 14.8661 52.8394 33.6155 27.4591 55.9732 50.3587 39.0128 69.3542 52.6972 58.3095 49.3964 73.5935 55.3624 20.8087 15 58.5491 61.5549 38.1838 
86.977 76.6551 11.7047 86.4002 59.2284 50 89.202 18.9737 74.3303 34.2345 60.208 59.6154 15.8114 59.9083 79.7621 86.267 61.6117 95.8801 71.1126 13.9284 83.6002 75.4718 69.814 85.1645 71.8401 46.2385 10824.5 60.8769 57.3149 53.7587 74.8465 73.736 82.0549 51.0882 26.9258 53.2353 71.8679 49.8197 91.7878 85.5628 9.21954 46.1736 55.9017 65.0077 36.8782 80.0562 40.3113 65.4599 67.082 41.1825 55.7853 48.3839 85.3815 92.957 28.6356 80.4487 97.8366 10.7703 29.9666 63.9531 15.1327 51.4782 59.3043 73.5459 14.4222 82.0975 64.1327 40.5216 6.08276 39.6232 28.6531 52.6308 84.5813 79.4796 35.4683 25.9422 89.8276 53.9351 108.245 33.121 57.8705 11.0454 58.2495 9.48683 36.7696 70.4557 36.4005 83.006 83.5464 107.629 62.5859 89.5879 87.6926 71.3442 9.21954 55 40.4599 90.6973 59.0339 82.6801 
44.0114 43.8406 56.4004 41.6293 31.7805 45.8912 29.0689 44.2041 61.5873 41.5933 6.40312 26.0768 68.8186 29.0689 62.1289 30.2655 57.0088 42.107 50.8035 57.3062 26.4764 19.0263 10.198 41.1461 37.5366 28.0713 60.8769 6965.63 37 29.7321 26.8328 33.8378 58.6941 38.4708 35.8469 20.8806 16.2788 36.8782 39 24.8395 61.8466 41.3038 32.573 44.7214 24.0416 32.6956 26.2488 15.2643 35.805 25.4951 28.4605 26.0192 43.8634 32.2025 52.6308 21.587 37.0135 65.437 34.9285 40.4969 50.2494 52.9528 49.0408 62.1691 60.4152 63.8905 39.6611 34.0588 64.8151 52.0384 33.6006 33.5261 37.3631 31.3847 55.3173 57.3847 29.4109 32.0156 47.8017 59.203 57.28 68.8186 36.6742 69.6563 29.1548 17.72 51.9711 23.4094 50.2195 46.7547 31.3847 31.0483 26.9072 54.5894 68.6222 47.1275 21.4709 31.6228 45.2217 29.0172 
80.9938 19.4165 47.0744 31.6228 6.08276 72.0069 50 39 93.3809 59.9416 42.5441 59.6406 56.0803 9.05539 27.8029 65.4905 20.2237 77.5242 83.8689 62.3939 61.4003 34.7131 37.054 30.2324 73.0616 54.4885 57.3149 37 9745.26 60.208 25.9422 70.214 93.2309 6.7082 46.2385 52.0096 32.249 64.4438 74.9667 54.1479 52.6308 66.4003 4.47214 9.43398 34.1321 28.4253 22.3607 52 10.8167 47.634 8.544 14.2127 80.7775 55.7853 66.7308 41 60.4401 55.3624 48.7545 73.2462 55.7315 78.2368 12.1655 25.807 65.2763 97.4526 72.6223 56.6127 63.1981 72.0069 32.9848 62.9365 74.3303 28.6007 30.6105 38.4708 59.2115 5.65685 74.9533 35.609 84.2021 68.1836 68.0147 66.6108 24.3516 54.7083 27.2029 44.1475 86.3539 69.8928 8.94427 46.6154 55.3263 19.105 60.8769 75.1665 39.8246 48.4665 8.24621 65.307 
33.2415 71.8471 55.3263 71.3092 56.5862 17.0294 54.0833 45.0111 33.2415 21.4009 23.7697 7.2111 67.082 54.5619 87.6812 37.7359 77.9359 44.5533 23.8537 43.909 36.6742 48.2701 38.833 70.7743 18.2483 8 53.7587 29.7321 60.208 8768.12 56.4624 20.1246 34.0147 58.8218 28.1603 8.94427 45.8803 8.24621 40.3113 44.911 59.0339 13.9284 55.9017 69.3109 29.1548 62.3939 40.3113 20.2237 62.6259 15.2971 52.3259 46.2277 31.6228 54.7449 32.5269 49.2544 58.4637 62.3699 24.3311 13.4164 39 24 70.8025 85.9127 46.3249 37.4433 13 13.4164 55.0364 26.8328 37.855 4 31.6228 61.0983 65.9697 63.2851 47.1275 54.5619 63.5059 68.0661 27.6586 57.3062 7.81025 59.9333 40.7185 24.0416 63.6003 50.04 31.0161 66.4078 57.4891 58.0345 47.0744 79.2465 62.9365 17.4642 21.9317 58 67.624 33.0151 
66.4003 20.2485 66.7308 14.8661 20.2485 72.1249 25.0799 55.9464 88.3233 65.192 33.121 52.8394 77.666 17.8045 41.2311 46.5188 43.9318 57.9396 77.3886 75.71 42.4853 12.083 19.799 14.3178 63.2535 53.8516 74.8465 26.8328 25.9422 56.4624 9021.09 58.7282 84.6463 31.6228 55.3263 47.5395 12.0416 63.2456 56.3649 32.0156 72.5603 67.1863 23.6008 28.2843 41.3038 6.08276 34.5398 40.6079 17.2627 49.4975 21.2132 26.9258 66.8431 31.0644 75.0067 17.2627 35.3553 75.8024 56.0357 67.2309 68.4471 79.1202 36.4005 44.1022 78.8543 90.2109 66.3702 58.8558 80.0562 76.6551 46.4866 60.1664 58.8218 5 55.3173 61.6198 36.6742 24.8395 50.2494 60.208 83.8153 84.7585 63.5059 84.309 38.0789 41.0122 51.7397 20.0998 74.9533 44.3847 17 20.8806 32.5576 36.0555 80.5295 73.736 43.0465 22.8035 32.573 48.0208 
13.3417 77.3369 74.5252 72.6223 65.3682 32.2025 47.4342 63.5059 33.3766 41.3401 27.7849 14.3178 86.5852 62.7694 95.9635 23.0868 89.6939 26.0768 22.0907 64.0078 24.0832 47.8017 38.9487 72.4707 6 27.5136 73.736 33.8378 70.214 20.1246 58.7282 9596.35 26.4197 70.5762 47.5395 22.0227 46.7547 26.2488 21.9545 36.1386 78.5875 31.8277 65.7419 78.3901 45.0444 63.8905 54.1295 18.6011 69.6348 33.541 61.7171 57.5847 12.0416 45.8912 52.0096 46.1411 48.2597 82.0061 43.9659 16.1555 59.0931 37.5899 81.939 95.7706 66.3702 32.6956 15.2315 33.541 75.1532 44.5982 55.0091 22.2036 12.0416 62.482 82.2982 81.0555 36.2215 64.8845 49.0306 85.0529 37.9473 77.4145 18.4391 80.0562 55.5788 17.8045 79.511 45.618 16.4012 54.0833 65.192 52.9245 37.855 88.3233 82.8734 29.5296 38 52.2015 78.2943 18.0278 
26 102.533 86.3713 98.813 89.0225 32.1403 73.5391 77.4661 12.8062 48.0104 52.3259 33.6006 97.0206 86.6833 120.104 47.2969 111.647 45.0111 11.0454 69.4622 49.3356 74.0608 65 98.6002 21.4009 41.4367 82.0549 58.6941 93.2309 34.0147 84.6463 26.4197 12010.4 92.4392 60.0167 41.3401 72.8011 33.541 42.0476 62.0322 89.0505 36.0139 88.8144 102.005 63.1585 90 74.2428 44.0454 94.1754 49.0408 85 79.6116 24.0208 71.4703 54.7449 72.5603 73.2462 92.0054 55.9017 20.6155 67.0075 32.573 104.307 119.038 70.859 7 21.0238 43.7379 81.4985 44.1475 71.4703 32.573 32.3883 88.6002 99.6243 96.1041 61.4003 87.6584 71.0634 101.39 28.178 82.201 26.5707 85.8429 74.7329 44.1022 97.4064 72.0069 13 77.6466 89.3756 79.2023 63.5689 112.004 91.1373 27.1662 55.9464 78.3901 100.955 42.72 
82.0061 25.9615 40.6079 38.2753 11.4018 69.3542 54.7814 33.1361 91.6788 56.3028 43.4166 59.0593 49.3964 13.8924 31.305 68.0294 19.2354 80.0562 82.662 56.8859 64.0078 39.2173 40.1995 36.8917 72.9178 52.4976 51.0882 38.4708 6.7082 58.8218 31.6228 70.5762 92.4392 9626.01 42.0595 51.1077 36.4005 62.2896 77.2334 57.8705 46.0977 63.7024 8.06226 14.1421 31.1448 34.6554 19.105 52.8867 17.4929 45.2769 11.4018 13 81.6088 60.407 62.2415 45.5412 65.192 48.7647 44.9444 72.111 50.448 75.2861 12.0416 27.6586 59.6825 96.2601 71.5612 53.8145 57.0351 68.2642 28.2312 61.2209 75.71 34.7131 24.0832 31.7648 62.9682 7.28011 79.404 29.0689 81.4678 62.0322 66.6108 60.2993 20.2485 56.0892 20.6155 48.7032 86.406 74.8465 14.8661 51.8845 59.2284 22.3607 54.3415 72.8354 37.5366 53.6656 9.43398 67.3647 
60.8769 63.3482 27.1662 69.0072 45.3542 30.4138 64.8845 17.4642 55.1543 14.8661 34.0588 33.2415 39.0512 44.7214 73.3553 59.4054 59.0339 68.9638 49.0306 21.4709 56.8507 52.811 45.618 68 46.3897 20.2237 26.9258 35.8469 46.2385 28.1603 55.3263 47.5395 60.0167 42.0595 8220.1 26.4008 49.3356 26.4764 64.8845 59.8164 31.0483 25.0799 43.0116 55.5428 14.0357 61.2046 24.0416 38.6005 53.1507 14.3178 41 32.9848 59.439 67.9559 20.6155 56.8595 72.6705 34.4819 4.12311 40.1123 14.4222 35 53.535 69.3397 24.5967 61.6847 40.05 16.2788 29.7321 26.4008 14.2127 28.0179 57.9396 60.2993 40.7063 36.1386 63.7809 41.1096 82.0731 41.7852 41.6173 33.3017 34.0588 34.7131 21.9317 43.6005 39.1152 59.0339 59.0339 82.201 47.8539 66.3099 62.0081 64.4127 35.7771 34.9285 14.4222 67.1193 51.4782 55.7584 
35.2278 63.0079 52.8867 62.3939 48.1041 25.1794 46.5296 41.5933 41.8688 24.6982 15.1327 8.24621 65.146 45.9674 79.2465 33.9411 70.3278 42.72 31.8904 45.3431 32.0156 39.6232 30.2655 61.8466 22.561 8.94427 53.2353 20.8806 52.0096 8.94427 47.5395 22.0227 41.3401 51.1077 26.4008 7924.65 37.108 16.1245 38.5876 38.2753 57.2451 21.0238 47.634 60.959 23.1948 53.4883 33.2415 13.8924 53.9073 12.083 43.9318 38.2753 34.0588 47.8017 36.3593 41.0122 51.8652 60.7454 23.3238 21.2603 39.4081 32.249 62.9682 77.801 48.1041 45.4533 20.6155 16.1245 55.4707 32.9848 33 12.6491 31.6228 52.2015 60.531 59.0339 41.1461 46.4004 58.5235 63.1269 36.4005 58.4123 16.4012 60.4649 34.2053 18.6011 57.8705 42.0476 36.1386 60.4152 48.8365 50.04 40.4969 70.9366 62.1691 26.2488 16.0312 50.1597 59.6406 29.8329 
54.4059 31.7648 65.2993 26.0768 26.1725 62.1691 18.868 53.6004 76.9415 57.1402 22.1359 41.6293 77.1038 23.1948 52.2015 35.1141 52.0096 46.8402 65.8635 70.5762 31.0161 3.60555 7.81025 25.807 51.4004 44.2832 71.8679 16.2788 32.249 45.8803 12.0416 46.7547 72.8011 36.4005 49.3356 37.108 8112.34 53.1507 44.9444 22 71.0634 57.5587 28.6356 37.2156 35.8469 17.2047 32.5576 28.8444 26.4764 41.0488 25 27.4591 54.8179 24.1661 67.7422 9.43398 29.0689 74.5185 49.2443 55.9017 63.3246 69.2315 44.0454 54.1295 73.736 78.492 55.0091 50.01 76.5376 68.0074 43.2666 49.7293 46.8722 15.8114 58.1808 62.8013 27.0185 29.1204 43.0116 62.7694 73.4983 80.9506 52.5547 81.1234 36.1248 29 54.5894 12.53 62.9365 38.9487 24 17.8045 23.0868 46.0977 78.6003 63.3246 35.6931 19.105 40.05 36.2353 
38.5876 77.5242 53.0377 78.1089 61.4003 9.05539 62.2013 43.9318 29.6816 15.8114 31.257 15.2315 64.1249 59.6406 92.1954 45.6508 81.0555 51.7397 22.561 38.6264 44.7772 55.7315 46.3897 77.4919 22.8254 10 49.8197 36.8782 64.4438 8.24621 63.2456 26.2488 33.541 62.2896 26.4764 16.1245 53.1507 9219.54 47.5079 53.1507 56.0803 5.83095 60.3075 73.7564 31.4006 69.2604 43.2782 28.4429 67.9559 17.0294 57.0088 50.2494 36.7151 62.9682 25.807 57.0789 66.7083 59.2115 22.3607 14.1421 34.7131 16.1245 74.3303 89.8053 40.7185 35.4683 14.3178 10.198 50.2892 18.868 38.4838 4.47214 38.2099 68.0074 66.4831 62.5859 55.3624 58.7963 71.5891 68.0074 20.6155 52 8.544 55.0273 43.0116 32.28 64.4748 58 33.7343 74.6324 62.6817 66 55.3173 83.5464 59.0339 10.8167 24.7588 66.0303 71.4213 40.8167 
16.1245 76.5572 90.6201 67.6757 69.2315 54.0833 36.7696 78.7718 52.345 61.6198 35.3553 33.3017 103.078 66.2873 97.1442 9.84886 95.1893 4.24264 41.9762 83.6002 13.9284 44.2832 38.3275 67.9559 27.313 46.4004 91.7878 39 74.9667 40.3113 56.3649 21.9545 42.0476 77.2334 64.8845 38.5876 44.9444 47.5079 10307.8 25.6125 95.3415 53.2635 70.7107 81.4923 58.5235 60.0333 64.4981 27.2029 71.1688 50.6063 66.6108 65.0077 18.0278 32.8024 72.8354 39.9625 33.121 98.8989 61.9112 38.0132 77.9359 59.5399 87.1321 98.7623 86.2148 49.0408 37.1214 53.2635 94.0319 66.2193 68.9638 43.1856 10.4403 58.6686 93.771 94.5939 22.6716 70.4557 29.0172 97.3242 59.6154 96.8349 40.2244 99.0202 66.9104 22.561 90.5539 38.0132 29.0689 35.9026 67.9117 43.1393 26.1725 90.802 100.648 51.4782 52.5547 41.7253 83.1865 10.0499 
38.833 52.2015 81.2158 42.19 48.0937 61.8142 11.6619 69.029 69.4262 62.6498 25.807 38.3275 93.6002 45.0999 73.2462 16.2788 74.0068 26.4197 58.0517 81.0247 13.0384 20.2237 18.0278 42.5441 41.9762 47.1699 85.5628 24.8395 54.1479 44.911 32.0156 36.1386 62.0322 57.8705 59.8164 38.2753 22 53.1507 25.6125 9417.54 86.6833 58.6941 50.3587 59.1354 48.8365 34.9285 50.1199 24.7386 48.2597 47.5079 46.5296 47.4342 39.9625 10 74.2496 14.8661 13.6015 90.2718 58.2495 50.0899 74.2024 68.593 66.0303 75.8024 84.0536 68.6222 49.0918 54.231 89.2749 71.1688 58.4123 48.8365 31.0644 33.6155 78.1857 81.4125 5.09902 50.636 23.0217 82.4621 71.0634 93.086 49.0918 94.1754 53.3385 21.095 74.6726 12.53 50.0899 22.4722 46 17.8045 2.23607 67.7422 93.4345 61.2046 45.4533 16.6433 62.0322 19.7231 
91.9239 72.0347 5.83095 83.006 55.3624 57.3149 89.1403 17.6918 82.0366 41.0488 62.1289 64.2884 8.06226 56.4624 73.1095 89.0674 54.4518 99.3177 78.0256 22.8254 86.093 74.6525 70.0071 81.7068 77.2787 51.1957 9.21954 61.8466 52.6308 59.0339 72.5603 78.5875 89.0505 46.0977 31.0483 57.2451 71.0634 56.0803 95.3415 86.6833 10963.6 53.0377 51.8652 59.5399 38.0132 77.3692 38.6005 68.4251 62.9365 45.2217 52.3927 45.6508 90.471 93.3488 37 80.0562 98.3107 3.60555 34.7131 70.1783 22.3607 59.439 53.0094 66.4831 23.6008 89.56 70.2567 46.2709 14.4222 47.8017 28.3196 58.4209 88.8651 76.9415 27.6586 17.72 91.214 49.98 109.636 24.6982 65.9697 18.7883 64.2806 15.5242 35 73.3553 29.1548 82.807 89.56 108.245 58.8727 88.8651 88.7299 65 8.24621 62.2896 42.9418 90.1388 53.2353 85.8662 
43.8292 80.4984 50.4876 82.0061 63.8122 5.65685 67.4759 42.3792 30.0832 12 36.0139 21.0238 61.0082 62.2656 94.2019 51.4782 82.0731 57.4891 25 34.2053 50.5668 60.2993 51.0882 81.3204 28.0179 13.3417 46.1736 41.3038 66.4003 13.9284 67.1863 31.8277 36.0139 63.7024 25.0799 21.0238 57.5587 5.83095 53.2635 58.6941 53.0377 9420.19 62.426 75.8024 32.5576 73.2462 44.5982 33.9559 70.7107 18.868 59.3633 52.2015 41.8808 68.4471 20.5913 62 72.2772 56 21.0238 18.3848 31.0644 12.083 75.6902 91.351 36.0555 36.8782 18.7883 9.89949 46.0977 13.0384 38.2753 10.2956 43.8406 72.0347 65.7419 61.0328 61.0328 60.803 77.3886 66.8506 17.8045 47.4342 13.6015 50.6952 43.8634 37.9473 64.0078 63.0714 37.9473 80.3243 65.3682 71.0634 60.8769 85.4283 55.3263 9.84886 26.6271 71.1758 73 46.6476 
76.5506 21 46.1736 31.305 3.60555 68.0074 46.8188 37.2156 89.1067 56.3649 38.0789 55.2178 55.9017 5.83095 31.8904 61.2944 24.5153 73.3348 79.511 60.075 57.2189 31.3209 33 29.9666 68.6003 50.3289 55.9017 32.573 4.47214 55.9017 23.6008 65.7419 88.8144 8.06226 43.0116 47.634 28.6356 60.3075 70.7107 50.3587 51.8652 62.426 9308.6 13.4536 30.4138 26.9072 18.9737 47.5395 11.1803 43.6005 4.12311 10.2956 76.3217 52.4976 63.6003 37.6431 57.2451 54.7814 45.31 68.884 53.2353 74.3303 16.4924 30.2324 63.0317 93.086 68.2495 52.6972 61.6604 68.4471 30.2655 58.6941 69.9214 26.8701 31.8277 38.833 55.4437 2 71.5681 36.7696 80.2122 66.6108 63.7024 65.307 21.3776 50.2892 28.2843 40.8044 81.8841 66.8506 7.2111 43.8292 51.6236 23.3452 60.0833 71.0634 35.805 45.618 12.6491 61 
88.6397 14.2127 54.231 29.2062 13.0384 81.4002 53.3385 47.2652 102.533 69.3542 50.6063 68.4105 62.0967 15.6525 18.4391 71.8053 15.8114 83.7437 92.8493 71.0211 67.6831 39.0128 43.1741 27.8029 81.5414 63.7809 65.0077 44.7214 9.43398 69.3109 28.2843 78.3901 102.005 14.1421 55.5428 60.959 37.2156 73.7564 81.4923 59.1354 59.5399 75.8024 13.4536 10640.5 43.566 28.7924 31.7648 59.9416 11.0454 57.0088 17.0294 23.6008 88.5664 59.3043 75.9605 45.0111 63.6396 61.9839 58.1378 82.2192 64.5368 87.6584 9.21954 17.4642 73.8241 106.405 81.5659 66.0303 71 81.4125 42.0595 72.1388 81.7068 29.4109 34.9285 43.9659 64.0703 15 78.5175 39.8121 93.6002 76 77.1038 74.108 33.6155 62.2415 31.9531 48.0416 94.6678 72.5672 13.6015 49.0306 60.0333 10 67.7422 84.5044 49.2037 50.9902 6.7082 72.1249 
58.0086 50 32.7567 55 32.311 38.2099 52.4309 20.5913 61.0328 26 24.1868 31.4006 45.2769 31.3209 61.8547 51.4782 49.679 62.2977 52.7731 34.7851 48.3011 39.3954 33.0151 54.0093 45.7056 21.9545 36.8782 24.0416 34.1321 29.1548 41.3038 45.0444 63.1585 31.1448 14.0357 23.1948 35.8469 31.4006 58.5235 48.8365 38.0132 32.5576 30.4138 43.566 7170.08 47.1699 12.0416 31.3209 39.8497 14.4222 27.8568 20.1246 57.0088 56.0803 34.2345 43.909 60.959 41.6173 15.2971 42.5441 27.5136 44.2041 43.1393 58.7963 37.9473 66.242 42.1545 22.6716 41.0488 38.0789 10.4403 30.8869 53.4603 46.2709 37.3363 36.3456 53.2635 28.6531 71.7008 40.0125 50.3289 45.2769 36.6742 45.8039 11.6619 36.0555 34.7131 46.3249 59.2284 70.7672 34.4819 53.2353 50.9313 53.0094 44.5982 41.7732 7.28011 54.2033 40.4599 48.7032 
70.9366 18.0278 71.5542 8.94427 23.3452 78.1601 26.3059 61.0983 94.0213 71.2531 38.9102 58.5918 82.1523 21.4009 39.2046 50.2494 44.5982 61.2699 83.006 81.3941 46.3249 16.2788 25 8.60233 68.6003 59.9083 80.0562 32.6956 28.4253 62.3939 6.08276 63.8905 90 34.6554 61.2046 53.4883 17.2047 69.2604 60.0333 34.9285 77.3692 73.2462 26.9072 28.7924 47.1699 9569.22 39.8497 46.0435 18.3576 55.5788 25.2389 31.7805 71.5052 32.249 81 20.1246 36.0139 80.5295 62.0081 72.9452 74.1485 85.1645 37.5766 43.1045 84.5281 95.6922 72.0694 64.9384 85.3815 82.7345 51.923 66.1287 63.2535 1.41421 58.6941 65.6049 39.2173 28.4253 51.0098 63.6553 89.8109 90.1388 69.3542 89.5377 43.3244 46.0977 55.1725 22.4722 79.9812 44.2832 19.799 21 35.1141 35.2278 85.4283 79.712 49.0918 23 34 52.2015 
66.4831 39.4588 32.8024 46.6905 21.3776 50.2494 50.9902 21.4709 72.8011 37.5899 29.1548 41.4367 44.5533 21.0238 49.93 56.2939 37.8021 67.897 64.1405 42.107 52.6308 36.1248 32.45 45.5412 55.6597 33.6006 40.3113 26.2488 22.3607 40.3113 34.5398 54.1295 74.2428 19.105 24.0416 33.2415 32.5576 43.2782 64.4981 50.1199 38.6005 44.5982 18.9737 31.7648 12.0416 39.8497 7769.81 38 29.2746 26.2488 17.1172 9.05539 65.7647 55.6058 44.643 41.7253 60.6053 42.0119 26.4008 53.7122 35.0143 56.2228 31.1127 46.7547 45.1774 77.6981 53.2353 34.7131 45.5412 49.6488 12.1655 42.4382 61.0328 39.2173 29.2746 31.305 55.0091 17.088 73.0616 32.9848 62.3699 50.2892 48.0208 49.7695 3.60555 42.107 26.0768 44.5982 69.2604 70.6045 24.0832 50.3289 51.9711 41.0488 46.3249 53.7587 18.6011 51.6624 28.4253 54.4518 
29.1204 58.7963 63.561 54.9181 46.9574 37.2156 34 51.6236 48.3322 38.5876 9.48683 14.0357 76.0592 44.2945 77.3886 20.8087 71.7844 31.0161 37.1214 58.6941 18.3848 30.4138 21.095 54.6443 22.6716 22.8254 65.4599 15.2643 52 20.2237 40.6079 18.6011 44.0454 52.8867 38.6005 13.8924 28.8444 28.4429 27.2029 24.7386 68.4251 33.9559 47.5395 59.9416 31.3209 46.0435 38 7738.86 51.0392 24.7588 43.4626 40.025 28.7924 34.5254 50.2494 30.0832 38.3275 72.0069 36.1248 27.5136 52.4023 44.1022 63.9062 77.3692 61.5549 49.6488 26.5707 30.0167 68.2495 46.4866 41.7612 24.1868 23.0868 44.6542 67.1193 67.4685 27.313 46.8188 44.6542 70.4557 47.0956 71.5052 25.1794 73.2462 40.1123 5 64.0312 30.4138 35 46.6154 46.6476 38.3275 26.9258 69.8355 74.0945 37.0135 25.4951 38.1182 60.1664 17.4642 
79.177 10.198 57.28 20.8087 8 76.1577 42.2966 48.3735 95.7758 65.7875 42.0119 60.8112 66.7083 8.544 26.4197 61.4003 26.6833 73.2462 85.5862 71.007 57.28 28.0713 32.8938 19.4165 73.2462 57.9828 67.082 35.805 10.8167 62.6259 17.2627 69.6348 94.1754 17.4929 53.1507 53.9073 26.4764 67.9559 71.1688 48.2597 62.9365 70.7107 11.1803 11.0454 39.8497 18.3576 29.2746 51.0392 9899.49 51.8845 12.1655 20.2237 79.2591 48.2597 73.7564 34 52.6118 65.7875 55.0818 75.0067 64.0703 82.7647 19.3132 27.6586 74 98.9949 74.2765 61.2699 72.8354 77.8332 41.0488 65.8027 72.0139 18.7883 41.4005 49.2443 53.1507 13.1529 67.4759 46.4004 88.3233 77.7817 70.2922 76.4853 32.0624 52.8394 38.0132 37.0135 86.0233 61.6117 5.38516 38.0789 49.0918 19.6469 71.1688 78.7718 44.2832 40.025 15.6525 62.0322 
46.8722 61.7414 41 64.1327 44.9444 24.4131 54.0833 30.0666 46.6154 16.1245 21.9317 19.2354 53.1601 43.4166 75.4321 45.4533 64.0312 54.7083 38.4838 33.9706 43.1393 44.1814 35.6931 63.3482 33 7.61577 41.1825 25.4951 47.634 15.2971 49.4975 33.541 49.0408 45.2769 14.3178 12.083 41.0488 17.0294 50.6063 47.5079 45.2217 18.868 43.6005 57.0088 14.4222 55.5788 26.2488 24.7588 51.8845 7543.21 40.4969 33.4215 45.5412 56.3649 27.2029 47.0744 60.8276 48.7032 11.4018 28.4605 27.6586 30.8869 57.3149 72.8354 36.8782 51.8845 28.1603 9.48683 43.6005 27.1662 22.561 16.5529 43.6578 54.4518 50.6952 48.0937 51.0392 42.0119 69.029 52.7731 36.6197 46.7547 22.4722 48.6004 26.0768 29.7321 48.3839 48.7647 46.1736 69.9714 46.5296 56.5155 49.7393 66.7083 50.0899 27.5862 7.81025 57.0088 54.4518 41.6173 
72.45 22.3607 46.6154 30.6757 4.47214 64.8999 43.4626 36.8782 85.5628 53.8516 34.0147 51.4004 56.9386 4.12311 35.3553 57.2189 28.6356 69.2604 75.8222 59.0085 53.1507 27.8568 29.0172 29.4109 64.6607 47.0106 55.7853 28.4605 8.544 52.3259 21.2132 61.7171 85 11.4018 41 43.9318 25 57.0088 66.6108 46.5296 52.3927 59.3633 4.12311 17.0294 27.8568 25.2389 17.1172 43.4626 12.1655 40.4969 8937.56 8.06226 72.2357 49.0408 61.6117 34.176 53.8516 55.4617 43.0116 65.192 52.0096 71.3442 20.6155 34.1321 62.0322 89.3756 64.5368 49.7393 61.3922 65.9242 29 55.2268 65.8027 25 34.2053 40.4599 51.6236 4.12311 68.0074 39.0512 77.1038 66.2873 60.1082 65.2534 20 46.1736 30.6105 37.3363 77.8974 63.561 7 40.8167 47.8539 27.0185 60.5392 67.8012 32.7567 42.5441 16.7631 56.8859 
