10 10
85.44003745317531 5 8.06225774829855 3 6.708203932499369 6.4031242374328485 7.0710678118654755 5.385164807134504 8.06225774829855 8.54400374531753 
5 113.13708498984761 10 5.830951894845301 10 10.295630140987 8.06225774829855 2 8.94427190999916 11.313708498984761 
8.06225774829855 10 100 5.0990195135927845 2.8284271247461903 4.242640687119285 2.23606797749979 8.48528137423857 2 2 
3 5.830951894845301 5.0990195135927845 58.309518948453004 4.242640687119285 4.47213595499958 4.123105625617661 5.0990195135927845 5.0990195135927845 5.830951894845301 
6.708203932499369 10 2.8284271247461903 4.242640687119285 100 1.4142135623730951 4.123105625617661 8.94427190999916 4.47213595499958 2 
6.4031242374328485 10.295630140987 4.242640687119285 4.47213595499958 1.4142135623730951 102.95630140987001 5.385164807134504 9.486832980505138 5.830951894845301 3.1622776601683795 
7.0710678118654755 8.06225774829855 2.23606797749979 4.123105625617661 4.123105625617661 5.385164807134504 80.62257748298549 6.4031242374328485 1 4.123105625617661 
5.385164807134504 2 8.48528137423857 5.0990195135927845 8.94427190999916 9.486832980505138 6.4031242374328485 100 7.211102550927978 10 
8.06225774829855 8.94427190999916 2 5.0990195135927845 4.47213595499958 5.830951894845301 1 7.211102550927978 89.44271909999159 4 
8.54400374531753 11.313708498984761 2 5.830951894845301 2 3.1622776601683795 4.123105625617661 10 4 113.13708498984761 

10
9.848857801796104 12.727922061357855 3.1622776601683795 7.211102550927978 3.1622776601683795 4 5.385164807134504 11.40175425099138 5.0990195135927845 1.4142135623730951 
