10
85.44 5 8.06226 3 6.7082 6.40312 7.07107 5.38516 8.06226 8.544 
5 113.137 10 5.83095 10 10.2956 8.06226 2 8.94427 11.3137 
8.06226 10 100 5.09902 2.82843 4.24264 2.23607 8.48528 2 2 
3 5.83095 5.09902 58.3095 4.24264 4.47214 4.12311 5.09902 5.09902 5.83095 
6.7082 10 2.82843 4.24264 100 1.41421 4.12311 8.94427 4.47214 2 
6.40312 10.2956 4.24264 4.47214 1.41421 102.956 5.38516 9.48683 5.83095 3.16228 
7.07107 8.06226 2.23607 4.12311 4.12311 5.38516 80.6226 6.40312 1 4.12311 
5.38516 2 8.48528 5.09902 8.94427 9.48683 6.40312 100 7.2111 10 
8.06226 8.94427 2 5.09902 4.47214 5.83095 1 7.2111 89.4427 4 
8.544 11.3137 2 5.83095 2 3.16228 4.12311 10 4 113.137 

9.84886 12.7279 3.16228 7.2111 3.16228 4 5.38516 11.4018 5.09902 1.41421 
