10
85.44004 5.00000 8.06226 3.00000 6.70820 6.40312 7.07107 5.38516 8.06226 8.54400
5.00000 113.13708 10.00000 5.83095 10.00000 10.29563 8.06226 2.00000 8.94427 11.31371
8.06226 10.00000 100.00000 5.09902 2.82843 4.24264 2.23607 8.48528 2.00000 2.00000
3.00000 5.83095 5.09902 58.30952 4.24264 4.47214 4.12311 5.09902 5.09902 5.83095
6.70820 10.00000 2.82843 4.24264 100.00000 1.41421 4.12311 8.94427 4.47214 2.00000
6.40312 10.29563 4.24264 4.47214 1.41421 102.95630 5.38516 9.48683 5.83095 3.16228
7.07107 8.06226 2.23607 4.12311 4.12311 5.38516 80.62258 6.40312 1.00000 4.12311
5.38516 2.00000 8.48528 5.09902 8.94427 9.48683 6.40312 100.00000 7.21110 10.00000
8.06226 8.94427 2.00000 5.09902 4.47214 5.83095 1.00000 7.21110 89.44272 4.00000
8.54400 11.31371 2.00000 5.83095 2.00000 3.16228 4.12311 10.00000 4.00000 113.13708

9.84886 12.72792 3.16228 7.21110 3.16228 4.00000 5.38516 11.40175 5.09902 1.41421
