100
10610.37228 85.98256 87.86353 79.24645 75.76939 43.18565 50.47772 76.79193 36.87818 54.12024 38.60052 27.65863 99.92497 73.00685 105.58883 22.82542 100.88112 19.02630 27.31300 76.92204 25.80698 54.67175 46.87217 79.30952 15.81139 40.80441 86.97701 44.01136 80.99383 33.24154 66.40030 13.34166 26.00000 82.00610 60.87693 35.22783 54.40588 38.58756 16.12452 38.83298 91.92388 43.82921 76.55064 88.63972 58.00862 70.93659 66.48308 29.12044 79.17702 46.87217 72.44998 69.12308 2.23607 47.41308 64.35060 51.62364 48.46648 95.33625 57.28001 26.17250 72.23573 47.50789 92.97311 106.10372 79.17702 33.00000 25.49510 46.61545 88.23831 56.08030 68.11755 34.88553 7.81025 69.52697 95.08417 94.19129 37.12142 75.89466 45.09989 98.00000 46.32494 90.33825 30.23243 93.10746 68.18358 26.40076 92.19544 50.32892 13.00000 51.97115 75.15318 56.61272 39.96248 98.41240 96.13532 39.62323 51.08816 55.47071 89.19641 19.20937
85.98256 10762.89924 66.49060 15.65248 18.11077 85.88364 44.28318 58.13777 104.80935 75.89466 50.20956 69.52697 75.27284 18.68154 21.21320 66.70832 28.84441 78.18568 94.36631 81.05554 62.64982 32.31099 39.11521 14.31782 81.34494 67.60178 76.65507 43.84062 19.41649 71.84706 20.24846 77.33693 102.53292 25.96151 63.34824 63.00794 31.76476 77.52419 76.55717 52.20153 72.03471 80.49845 21.00000 14.21267 50.00000 18.02776 39.45884 58.79626 10.19804 61.74140 22.36068 30.41381 86.26703 50.24938 83.95237 37.36308 54.03702 74.72617 65.25335 83.86895 74.16873 92.57429 23.34524 25.31798 84.02381 107.62899 83.09633 71.17584 82.49242 87.92042 51.15662 75.16648 78.54935 19.10497 48.76474 57.38467 56.75385 23.00000 69.02898 53.71220 98.00510 87.46428 79.40403 85.98837 42.19005 60.00000 45.61798 40.02499 93.72300 62.12890 15.52417 39.01282 52.63079 17.72005 80.28076 88.32327 54.23099 41.01219 20.80865 68.00000
87.86353 66.49060 10420.17274 77.25283 49.64877 55.10898 83.45058 12.20656 80.04998 38.63936 56.93856 60.20797 12.52996 50.69517 68.35934 84.07735 50.01000 94.54100 75.32596 23.34524 81.00617 68.88396 64.38167 75.96052 73.55270 47.38143 11.70470 56.40035 47.07441 55.32630 66.73080 74.52516 86.37129 40.60788 27.16616 52.88667 65.29931 53.03772 90.62009 81.21576 5.83095 50.48762 46.17359 54.23099 32.75668 71.55418 32.80244 63.56099 57.28001 41.00000 46.61545 39.82462 86.49277 87.72685 36.23534 74.33034 92.69844 9.21954 31.06445 67.00000 21.02380 57.87055 48.04165 61.98387 24.83948 87.29834 67.00746 43.00000 17.72005 46.61545 22.80351 55.03635 84.48077 71.11962 23.76973 14.42221 85.80210 44.27189 104.20173 21.63331 64.51356 22.56103 61.00820 20.02498 29.20616 68.44706 24.73863 77.10383 86.14523 102.64989 53.14132 83.09633 83.24062 60.07495 13.92839 60.01666 38.07887 84.38602 48.04165 81.02469
79.24645 15.65248 77.25283 10456.09870 27.73085 86.97701 32.31099 67.44627 102.95630 79.63040 47.85394 67.53518 87.20665 26.57066 35.22783 58.00862 44.41846 68.60029 91.92388 88.68484 54.20332 24.83948 33.83785 1.41421 77.42093 68.68042 86.40023 41.62932 31.62278 71.30919 14.86607 72.62231 98.81295 38.27532 69.00725 62.39391 26.07681 78.10890 67.67570 42.19005 83.00602 82.00610 31.30495 29.20616 55.00000 8.94427 46.69047 54.91812 20.80865 64.13267 30.67572 38.07887 79.90620 37.94733 89.08984 27.80288 41.00000 86.00581 70.06426 81.88406 81.49847 93.96276 38.41875 40.52160 91.78780 104.56099 81.00617 73.54590 91.92388 91.24144 58.85576 75.02666 71.50524 10.29563 62.20129 69.97142 46.06517 33.10589 55.73150 67.20119 98.68131 96.77293 78.29432 95.88013 50.01000 54.81788 58.82176 29.68164 88.61715 48.09366 24.16609 26.24881 42.05948 33.24154 91.18114 88.60023 57.42822 28.16026 35.38361 60.30755
75.76939 18.11077 49.64877 27.73085 9350.93578 69.33974 43.96590 40.44750 89.82761 58.30952 37.58989 55.44367 59.48109 3.00000 31.14482 59.68249 26.07681 71.70077 79.98125 63.00794 55.57877 28.63564 31.14482 26.40076 68.50547 51.40039 59.22837 31.78050 6.08276 56.58622 20.24846 65.36819 89.02247 11.40175 45.35416 48.10405 26.17250 61.40033 69.23150 48.09366 55.36244 63.81222 3.60555 13.03840 32.31099 23.34524 21.37756 46.95743 8.00000 44.94441 4.47214 12.36932 75.64390 49.72927 65.96969 34.92850 54.40588 58.30952 47.43416 69.35416 56.08030 75.80237 18.02776 30.41381 66.00000 93.50936 68.68042 54.20332 64.93843 70.38466 33.06055 59.54830 68.94926 23.34524 35.35534 42.43819 53.15073 5.38516 68.88396 40.31129 81.54140 69.87131 64.35060 68.65858 24.08319 49.39636 31.82766 38.07887 81.63333 63.90618 3.60555 40.71855 49.25444 23.02173 63.56886 72.20111 37.21559 42.54409 14.03567 59.66574
43.18565 85.88364 55.10898 86.97701 69.33974 9980.98192 71.11259 47.53946 25.00000 16.49242 40.31129 23.53720 65.19202 67.74216 99.80982 53.31041 87.72685 58.24946 21.37756 37.33631 52.81098 64.77654 55.44367 86.33076 27.58623 18.38478 50.00000 45.89118 72.00694 17.02939 72.12489 32.20248 32.14032 69.35416 30.41381 25.17936 62.16912 9.05539 54.08327 61.81424 57.31492 5.65685 68.00735 81.40025 38.20995 78.16009 50.24938 37.21559 76.15773 24.41311 64.89992 57.80138 41.10961 71.70077 22.80351 66.12110 75.31268 60.13319 26.41969 17.02939 35.05710 7.07107 81.34494 97.00000 38.83298 32.24903 17.69181 15.55635 49.36598 13.03840 43.82921 13.03840 44.20407 76.92204 71.11962 66.12866 63.78871 66.40030 79.47956 72.09022 12.20656 50.21952 13.89244 53.75872 49.51767 40.79216 69.46222 67.00746 35.77709 82.96987 70.83078 75.00667 63.95311 91.04944 59.03389 5.00000 32.20248 75.00667 78.64477 48.33218
50.47772 44.28318 83.45058 32.31099 43.96590 71.11259 9822.93235 71.50524 80.52329 69.92138 32.28002 48.01042 95.48298 41.10961 65.49046 27.80288 68.88396 37.01351 69.12308 86.35392 24.69818 15.65248 19.41649 32.89377 53.16014 55.10898 89.20202 29.06888 50.00000 54.08327 25.07987 47.43416 73.53911 54.78138 64.88451 46.52956 18.86796 62.20129 36.76955 11.66190 89.14034 67.47592 46.81880 53.33854 52.43091 26.30589 50.99020 34.00000 42.29657 54.08327 43.46263 46.32494 51.62364 6.00000 81.27115 9.43398 10.44031 92.65528 63.97656 60.67125 79.25907 78.05767 61.18823 69.00725 89.47067 80.05623 59.68249 61.84658 93.47727 79.42921 60.95900 58.07753 42.72002 25.17936 77.02597 81.60882 14.21267 47.53946 25.17936 81.63333 81.05554 97.63708 59.07622 98.22932 54.48853 31.25700 73.43024 6.40312 61.71710 20.12461 41.23106 6.40312 10.63015 61.00000 96.42614 71.00704 50.53712 5.00000 57.27128 31.38471
76.79193 58.13777 12.20656 67.44627 40.44750 47.53946 71.50524 9200.54346 72.44998 31.30495 44.77723 49.25444 24.69818 41.00000 63.32456 72.01389 46.51881 82.63776 66.49060 24.04163 68.88396 57.20140 52.32590 66.21933 63.03174 37.01351 18.97367 44.20407 39.00000 45.01111 55.94640 63.50591 77.46612 33.13608 17.46425 41.59327 53.60037 43.93177 78.77182 69.02898 17.69181 42.37924 37.21559 47.26521 20.59126 61.09828 21.47091 51.62364 48.37355 30.06659 36.87818 29.41088 75.53807 75.66373 32.55764 62.48200 80.62258 21.26029 21.58703 57.42822 18.35756 51.47815 42.72002 57.93962 26.68333 79.12016 57.31492 33.73426 24.51530 41.40048 10.63015 45.27693 73.00685 60.53924 24.20744 18.68154 73.60027 35.22783 92.00543 24.59675 58.18075 29.42788 51.35173 28.46050 17.88854 56.46238 23.34524 65.19202 76.02631 90.55385 43.73786 71.40028 71.06335 54.57105 25.00000 52.20153 26.24881 72.62231 41.77320 69.07966
36.87818 104.80935 80.04998 102.95630 89.82761 25.00000 80.52329 72.44998 12091.73271 41.48494 55.22681 35.51056 89.80535 87.78383 120.91733 56.08030 110.60289 55.73150 11.40175 61.03278 57.42822 78.72103 69.31811 102.57680 27.45906 39.20459 74.33034 61.58734 93.38094 33.24154 88.32327 33.37664 12.80625 91.67879 55.15433 41.86884 76.94154 29.68164 52.34501 69.42622 82.03658 30.08322 89.10668 102.53292 61.03278 94.02127 72.80110 48.33218 95.77578 46.61545 85.56284 79.30952 34.71311 79.24645 46.01087 78.18568 81.61495 84.71718 51.07837 21.09502 59.68249 23.00000 103.71114 119.00420 62.00806 8.54400 21.95450 39.35734 73.00685 35.00000 68.00000 30.47950 42.10701 92.66067 95.75490 91.08238 69.58448 87.72685 81.15417 96.93297 17.26268 73.10951 25.49510 77.02597 72.67049 49.64877 93.91486 78.10890 24.35159 87.02299 90.68627 85.72631 71.19691 112.44999 83.15047 20.24846 54.20332 85.16455 100.65784 51.15662
54.12024 75.89466 38.63936 79.63040 58.30952 16.49242 69.92138 31.30495 41.48494 8746.42784 37.64306 28.31960 49.01020 57.24509 87.46428 58.25805 73.75636 65.85590 37.00000 22.84732 56.61272 60.29925 51.78803 78.77182 38.48376 15.81139 34.23449 41.59327 59.94164 21.40093 65.19202 41.34005 48.01042 56.30275 14.86607 24.69818 57.14018 15.81139 61.61980 62.64982 41.04875 12.00000 56.36488 69.35416 26.00000 71.25307 37.58989 38.58756 65.78754 16.12452 53.85165 46.09772 52.32590 71.86793 11.66190 63.15061 76.15773 44.00000 11.40175 29.83287 19.10497 20.24846 68.00735 83.81527 25.05993 48.66210 30.08322 8.60233 34.48188 12.08305 29.00000 19.23538 53.00943 70.17834 55.22681 49.76947 65.76473 54.56189 83.21658 55.90170 26.92582 36.24914 24.35159 39.21734 36.05551 43.26662 53.82379 64.76110 49.47727 84.97058 60.40695 72.56721 64.88451 78.54935 43.41659 21.37756 22.20360 73.00685 65.73431 53.81450
38.60052 50.20956 56.93856 47.85394 37.58989 40.31129 32.28002 44.77723 55.22681 37.64306 6946.22199 19.72308 69.46222 34.98571 68.24222 27.51363 62.29767 38.83298 44.40721 55.21775 24.16609 24.51530 15.13275 47.41308 31.24100 23.08679 60.20797 6.40312 42.54409 23.76973 33.12099 27.78489 52.32590 43.41659 34.05877 15.13275 22.13594 31.25700 35.35534 25.80698 62.12890 36.01389 38.07887 50.60632 24.18677 38.91015 29.15476 9.48683 42.01190 21.93171 34.01470 30.59412 38.27532 34.43835 49.04080 26.01922 38.94868 65.73431 32.44996 34.13210 48.41487 47.38143 54.42426 68.00000 58.24946 57.48913 33.28663 29.61419 63.65532 47.38143 34.43835 27.65863 32.38827 37.57659 58.42089 59.48109 29.73214 37.33631 48.08326 61.98387 51.41984 67.35726 30.46309 68.59300 31.57531 13.00000 55.22681 27.29469 44.10215 48.25971 37.44329 35.22783 28.01785 60.53924 68.41053 41.23106 19.79899 35.51056 50.69517 25.31798
27.65863 69.52697 60.20797 67.53518 55.44367 23.53720 48.01042 49.25444 35.51056 28.31960 19.72308 8655.63400 72.27724 53.15073 86.55634 30.52868 78.29432 37.53665 24.83948 50.47772 29.54657 43.65776 34.17601 67.11930 14.31782 13.41641 59.61543 26.07681 59.64059 7.21110 52.83938 14.31782 33.60060 59.05929 33.24154 8.24621 41.62932 15.23155 33.30165 38.32754 64.28841 21.02380 55.21775 68.41053 31.40064 58.59181 41.43670 14.03567 60.81118 19.23538 51.40039 46.14109 26.30589 48.25971 39.62323 43.93177 51.78803 67.72001 29.73214 14.42221 45.17743 30.26549 70.83078 85.44589 53.00943 38.18377 13.60147 20.00000 61.29437 34.00000 41.04875 10.77033 25.05993 57.24509 68.73136 67.00000 40.26164 54.08327 56.36488 71.25307 33.06055 63.81222 11.18034 66.24198 42.44997 17.26268 66.09841 44.40721 27.89265 59.48109 55.90170 52.34501 40.44750 78.40918 68.70953 23.00000 24.18677 52.15362 67.41662 25.80698
99.92497 75.27284 12.52996 87.20665 59.48109 65.19202 95.48298 24.69818 89.80535 49.01020 69.46222 72.27724 11660.61748 60.90156 74.10803 96.60228 55.00909 107.01869 86.00581 29.73214 93.53609 80.65978 76.57676 85.86617 85.32878 59.22837 15.81139 68.81860 56.08030 67.08204 77.66595 86.58522 97.02062 49.39636 39.05125 65.14599 77.10383 64.12488 103.07764 93.60021 8.06226 61.00820 55.90170 62.09670 45.27693 82.15230 44.55334 76.05919 66.70832 53.16014 56.93856 50.80354 98.48858 99.90495 44.38468 86.26703 104.89042 5.09902 42.75512 78.23043 30.14963 67.08204 54.74486 67.00000 29.96665 97.41663 78.31347 54.33231 19.41649 55.31727 35.22783 66.48308 96.76776 81.83520 28.07134 18.24829 98.22932 54.12024 116.60617 24.02082 73.54590 22.62742 72.33948 18.43909 41.01219 80.95678 30.41381 89.10668 97.62172 114.86514 63.06346 94.84725 95.60335 66.48308 9.21954 70.17834 50.56679 96.20811 55.54278 93.52005
73.00685 18.68154 50.69517 26.57066 3.00000 67.74216 41.10961 41.00000 87.78383 57.24509 34.98571 53.15073 60.90156 9128.52672 33.42155 56.71860 29.06888 68.73136 77.79460 63.03174 52.61179 25.70992 28.16026 25.29822 66.03030 49.64877 59.90826 29.06888 9.05539 54.56189 17.80449 62.76942 86.68333 13.89244 44.72136 45.96738 23.19483 59.64059 66.28725 45.09989 56.46238 62.26556 5.83095 15.65248 31.32092 21.40093 21.02380 44.29447 8.54400 43.41659 4.12311 12.00000 72.91776 46.84015 65.30697 32.01562 51.54610 59.50630 46.57252 67.17887 56.00000 74.30343 21.02380 33.10589 66.06815 91.28527 66.48308 52.77310 65.51336 69.28925 33.01515 57.62812 66.12866 21.26029 37.53665 44.20407 50.15974 7.07107 65.96969 42.44997 79.92496 70.40597 62.28965 69.37579 24.02082 46.61545 33.97058 35.17101 79.07591 61.09828 3.16228 38.01316 46.27094 25.55386 64.62198 70.45566 35.77709 39.81206 17.02939 56.75385
105.58883 21.21320 68.35934 35.22783 31.14482 99.80982 65.49046 63.32456 120.91733 87.46428 68.24222 86.55634 74.10803 33.42155 12465.15142 87.31552 19.23538 98.97980 111.12605 87.36132 83.21658 53.16014 59.09315 34.13210 99.40322 82.21922 79.76215 62.12890 27.80288 87.68124 41.23106 95.96353 120.10412 31.30495 73.35530 79.24645 52.20153 92.19544 97.14422 73.24616 73.10951 94.20191 31.89044 18.43909 61.85467 39.20459 49.92995 77.38863 26.41969 75.43209 35.35534 42.01190 105.67876 71.44928 93.52005 58.46366 75.16648 75.00667 76.15773 100.49876 81.27115 106.01887 20.61553 8.06226 89.98889 124.65151 99.82485 84.40379 85.84288 99.47864 59.50630 90.55385 98.38699 40.31129 46.04346 56.00893 77.87811 33.42155 90.13878 50.24938 112.00446 90.79648 95.46203 88.36289 51.47815 79.25907 44.01136 61.18823 112.32987 83.00602 30.80584 60.13319 73.75636 8.94427 81.02469 102.94173 67.62396 62.12890 21.93171 88.23831
22.82542 66.70832 84.07735 58.00862 59.68249 53.31041 27.80288 72.01389 56.08030 58.25805 27.51363 30.52868 96.60228 56.71860 87.31552 9660.22774 85.70881 12.04159 45.00000 79.24645 4.12311 34.43835 28.63564 58.24946 29.06888 42.52058 86.26703 30.26549 65.49046 37.73592 46.51881 23.08679 47.29693 68.02941 59.40539 33.94113 35.11410 45.65085 9.84886 16.27882 89.06739 51.47815 61.29437 71.80529 51.47815 50.24938 56.29387 20.80865 61.40033 45.45327 57.21888 56.08030 24.16609 24.59675 69.81404 30.23243 25.96151 92.66067 56.85068 38.83298 73.10951 59.46427 77.64664 89.02247 82.03658 54.12947 37.85499 49.67897 89.02247 64.49806 61.84658 41.18252 15.23155 48.87740 85.51023 86.97701 14.31782 61.13101 26.24881 89.26926 60.63827 92.19544 39.56008 94.02127 58.94065 15.81139 82.20097 28.42534 34.78505 31.01612 58.24946 34.05877 17.20465 81.04320 94.87360 51.54610 46.14109 32.80244 73.68175 5.09902
100.88112 28.84441 50.01000 44.41846 26.07681 87.72685 68.88396 46.51881 110.60289 73.75636 62.29767 78.29432 55.00909 29.06888 19.23538 85.70881 11537.76408 97.73945 101.78900 70.38466 81.61495 54.14795 57.21888 43.04649 92.13577 71.40028 61.61169 57.00877 20.22375 77.93587 43.93177 89.69392 111.64676 19.23538 59.03389 70.32780 52.00961 81.05554 95.18929 74.00676 54.45181 82.07314 24.51530 15.81139 49.67897 44.59821 37.80212 71.78440 26.68333 64.03124 28.63564 32.20248 100.56838 74.81310 78.23043 60.29925 79.24645 56.14268 62.36986 91.26883 64.84597 93.34881 8.06226 12.04159 72.80110 115.37764 90.73588 72.18033 67.68309 85.42833 44.82187 80.21222 94.37161 45.22168 27.01851 37.05401 79.02531 25.00000 94.04786 31.06445 99.70456 72.56721 85.70298 69.87131 38.20995 74.72617 25.31798 63.38770 105.60303 88.29496 28.01785 64.76110 75.05998 13.03840 62.20129 91.43850 56.40035 66.70832 12.04159 85.51023
19.02630 78.18568 94.54100 68.60029 71.70077 58.24946 37.01351 82.63776 55.73150 65.85590 38.83298 37.53665 107.01869 68.73136 98.97980 12.04159 97.73945 10701.86900 45.60702 87.80091 16.12452 45.88028 40.60788 68.96376 31.30495 50.60632 95.88013 42.10701 77.52419 44.55334 57.93962 26.07681 45.01111 80.05623 68.96376 42.72002 46.84015 51.73973 4.24264 26.41969 99.31767 57.48913 73.33485 83.74366 62.29767 61.26989 67.89698 31.01612 73.24616 54.70832 69.26038 68.02941 21.09502 32.52691 77.07788 41.14608 32.20248 102.88343 66.03787 42.05948 82.09750 63.63175 89.67720 100.89599 90.42677 52.00961 41.18252 57.48913 98.18350 70.43437 72.73239 47.42362 14.31782 59.93330 97.16481 98.23441 22.80351 73.17103 26.30589 100.80675 63.56099 101.01980 44.40721 103.17461 70.40597 26.24881 93.90421 38.94868 32.01562 33.83785 70.21396 43.41659 26.62705 92.89241 104.70912 55.56978 56.46238 41.86884 85.70881 13.60147
27.31300 94.36631 75.32596 91.92388 79.98125 21.37756 69.12308 66.49060 11.40175 37.00000 44.40721 24.83948 86.00581 77.79460 111.12605 45.00000 101.78900 45.60702 11112.60546 58.69412 46.17359 67.53518 58.18075 91.58603 16.12452 30.87070 71.11259 50.80354 83.86895 23.85372 77.38863 22.09072 11.04536 82.66196 49.03060 31.89044 65.86350 22.56103 41.97618 58.05170 78.02564 25.00000 79.51101 92.84934 52.77310 83.00602 64.14047 37.12142 85.58621 38.48376 75.82216 70.00000 25.07987 67.89698 44.14748 66.85058 70.34913 81.00000 44.91102 10.63015 56.03570 22.82542 94.62558 109.63576 60.20797 13.60147 11.31371 32.75668 70.71068 33.83785 60.74537 21.93171 31.57531 81.63333 88.86507 85.14693 58.30952 78.24321 70.45566 90.52072 19.79899 71.58911 16.12452 75.13322 64.41273 38.27532 86.72946 66.73080 16.27882 76.00658 80.61017 74.33034 59.84146 102.82509 80.22468 16.49242 45.65085 73.76313 91.40022 40.01250
76.92204 81.05554 23.34524 88.68484 63.00794 37.33631 86.35392 24.04163 61.03278 22.84732 55.21775 50.47772 29.73214 63.03174 87.36132 79.24645 70.38466 87.80091 58.69412 10346.98024 77.07788 74.09453 67.08204 87.57283 61.32699 37.20215 13.92839 57.30620 62.39391 43.90900 75.70997 64.00781 69.46222 56.88585 21.47091 45.34314 70.57620 38.62642 83.60024 81.02469 22.82542 34.20526 60.07495 71.02112 34.78505 81.39410 42.10701 58.69412 71.00704 33.97058 59.00847 51.03920 75.15318 89.35883 15.03330 78.29432 94.03191 24.69818 22.80351 52.49762 7.28011 38.05260 66.76077 81.93290 3.16228 69.00725 52.81098 30.52868 12.04159 26.07681 30.01666 42.04759 75.47185 80.60397 46.04346 37.53665 84.81156 58.07753 102.94173 44.68781 44.28318 13.41641 47.16991 16.49242 39.01282 63.63961 46.14109 80.49845 72.12489 103.46980 66.00758 87.72685 83.23461 78.58753 22.20360 42.29657 35.84690 88.56636 65.73431 75.16648
25.80698 62.64982 81.00617 54.20332 55.57877 52.81098 24.69818 68.88396 57.42822 56.61272 24.16609 29.54657 93.53609 52.61179 83.21658 4.12311 81.61495 16.12452 46.17359 77.07788 9353.60893 30.41381 24.51530 54.40588 30.06659 40.80441 83.60024 26.47640 61.40033 36.67424 42.48529 24.08319 49.33559 64.00781 56.85068 32.01562 31.01612 44.77723 13.92839 13.03840 86.09297 50.56679 57.21888 67.68309 48.30114 46.32494 52.63079 18.38478 57.28001 43.13931 53.15073 52.15362 26.92582 22.13594 68.24222 26.40076 24.18677 89.69392 54.48853 39.20459 70.76722 59.20304 73.55270 84.89994 79.93122 56.04463 38.20995 48.01042 86.55634 63.50591 58.60034 40.31129 18.02776 44.94441 81.78631 83.48653 12.16553 57.07889 26.83282 85.61542 60.82763 89.87213 39.29377 91.54780 55.36244 13.45362 78.44743 24.75884 37.16181 30.41381 54.12947 30.80584 14.31782 76.92204 92.08692 51.41984 43.26662 29.68164 69.58448 6.70820
54.67175 32.31099 68.88396 24.83948 28.63564 64.77654 15.65248 57.20140 78.72103 60.29925 24.51530 43.65776 80.65978 25.70992 53.16014 34.43835 54.14795 45.88028 67.53518 74.09453 30.41381 8472.30783 9.48683 24.75884 52.69725 47.09565 75.47185 19.02630 34.71311 48.27007 12.08305 47.80167 74.06079 39.21734 52.81098 39.62323 3.60555 55.73150 44.28318 20.22375 74.65253 60.29925 31.32092 39.01282 39.39543 16.27882 36.12478 30.41381 28.07134 44.18144 27.85678 30.80584 55.22681 21.18962 71.02112 6.32456 26.00000 78.10250 52.63079 57.77543 66.85058 71.84706 46.27094 55.57877 77.25283 79.92496 56.85948 53.00943 80.13114 71.00704 46.87217 52.17279 47.01064 14.86607 61.40033 66.21933 25.07987 31.95309 40.26164 66.03787 75.92760 84.53402 54.70832 84.72308 39.69887 30.00000 57.80138 9.48683 63.78087 35.77709 26.17250 14.21267 21.02380 47.51842 82.20097 65.73431 39.05125 15.55635 42.29657 36.05551
46.87217 39.11521 64.38167 33.83785 31.14482 55.44367 19.41649 52.32590 69.31811 51.78803 15.13275 34.17601 76.57676 28.16026 59.09315 28.63564 57.21888 40.60788 58.18075 67.08204 24.51530 9.48683 7881.62420 33.60060 43.60046 38.00000 69.81404 10.19804 37.05401 38.83298 19.79899 38.94868 65.00000 40.19950 45.61798 30.26549 7.81025 46.38965 38.32754 18.02776 70.00714 51.08816 33.00000 43.17407 33.01515 25.00000 32.44996 21.09502 32.89377 35.69314 29.01724 29.41088 47.20169 23.34524 62.81720 11.40175 28.31960 73.55270 44.94441 48.33218 59.94164 62.51400 49.16299 60.44005 70.21396 70.72482 47.42362 44.18144 74.06079 62.12890 41.72529 42.75512 39.44617 23.60085 60.16644 63.63175 23.08679 33.06055 40.70626 64.47480 66.49060 78.23043 45.22168 78.81624 35.80503 21.21320 56.64804 13.41641 55.15433 38.28838 29.61419 20.88061 19.69772 52.49762 77.15569 56.29387 31.38471 21.54066 45.17743 29.15476
79.30952 14.31782 75.96052 1.41421 26.40076 86.33076 32.89377 66.21933 102.57680 78.77182 47.41308 67.11930 85.86617 25.29822 34.13210 58.24946 43.04649 68.96376 91.58603 87.57283 54.40588 24.75884 33.60060 10429.28569 77.20104 68.00735 85.16455 41.14608 30.23243 70.77429 14.31782 72.47068 98.60020 36.89173 68.00000 61.84658 25.80698 77.49194 67.95587 42.54409 81.70679 81.32035 29.96665 27.80288 54.00926 8.60233 45.54119 54.64430 19.41649 63.34824 29.41088 36.87818 79.93122 38.60052 88.14193 28.01785 41.77320 84.69357 69.11584 81.49233 80.39900 93.30059 37.01351 39.29377 90.66973 104.29286 80.62258 72.78049 90.70832 90.42677 57.70615 74.46476 71.58911 10.00000 60.80296 68.60029 46.51881 31.78050 56.56854 65.80274 98.08160 95.56673 77.82031 94.64143 48.83646 54.67175 57.42822 30.01666 88.52683 49.04080 22.84732 26.92582 42.48529 31.95309 89.88882 88.02272 56.56854 28.86174 33.97058 60.44005
15.81139 81.34494 73.55270 77.42093 68.50547 27.58623 53.16014 63.03174 27.45906 38.48376 31.24100 14.31782 85.32878 66.03030 99.40322 29.06888 92.13577 31.30495 16.12452 61.32699 30.06659 52.69725 43.60046 77.20104 9940.32193 26.17250 71.84010 37.53665 73.06162 18.24829 63.25346 6.00000 21.40093 72.91776 46.38965 22.56103 51.40039 22.82542 27.31300 41.97618 77.27872 28.01785 68.60029 81.54140 45.70558 68.60029 55.65968 22.67157 73.24616 33.00000 64.66065 59.93330 13.89244 51.78803 48.54894 51.42956 54.23099 80.60397 42.57934 10.81665 56.92100 32.44996 84.53402 98.79271 63.50591 27.29469 10.00000 31.32092 72.80110 40.36087 55.22681 19.31321 17.00000 67.20119 83.02409 81.05554 42.19005 67.60178 54.91812 85.47514 32.31099 74.73286 14.42221 77.62087 56.75385 22.82542 80.41144 51.07837 13.60147 60.07495 68.60029 58.52350 43.73786 91.52595 81.04320 24.41311 38.47077 57.87055 81.00617 24.02082
40.80441 67.60178 47.38143 68.68042 51.40039 18.38478 55.10898 37.01351 39.20459 15.81139 23.08679 13.41641 59.22837 49.64877 82.21922 42.52058 71.40028 50.60632 30.87070 37.20215 40.80441 47.09565 38.00000 68.00735 26.17250 8221.92192 46.23851 28.07134 54.48853 8.00000 53.85165 27.51363 41.43670 52.49762 20.22375 8.94427 44.28318 10.00000 46.40043 47.16991 51.19570 13.34166 50.32892 63.78087 21.95450 59.90826 33.60060 22.82542 57.98276 7.61577 47.01064 40.31129 39.29377 56.61272 27.45906 49.09175 60.74537 54.57105 16.49242 20.88061 31.76476 25.29822 64.53681 79.93122 39.82462 44.29447 20.61553 7.21110 47.88528 24.33105 30.08322 8.94427 38.47077 58.69412 58.24088 55.32630 50.08992 48.83646 67.41662 60.20797 30.41381 50.47772 14.86607 52.83938 33.61547 27.45906 55.97321 50.35871 39.01282 69.35416 52.69725 58.30952 49.39636 73.59348 55.36244 20.80865 15.00000 58.54912 61.55485 38.18377
86.97701 76.65507 11.70470 86.40023 59.22837 50.00000 89.20202 18.97367 74.33034 34.23449 60.20797 59.61543 15.81139 59.90826 79.76215 86.26703 61.61169 95.88013 71.11259 13.92839 83.60024 75.47185 69.81404 85.16455 71.84010 46.23851 10824.50923 60.87693 57.31492 53.75872 74.84651 73.73602 82.05486 51.08816 26.92582 53.23533 71.86793 49.81967 91.78780 85.56284 9.21954 46.17359 55.90170 65.00769 36.87818 80.05623 40.31129 65.45991 67.08204 41.18252 55.78530 48.38388 85.38150 92.95698 28.63564 80.44874 97.83660 10.77033 29.96665 63.95311 15.13275 51.47815 59.30430 73.54590 14.42221 82.09750 64.13267 40.52160 6.08276 39.62323 28.65310 52.63079 84.58132 79.47956 35.46830 25.94224 89.82761 53.93515 108.24509 33.12099 57.87055 11.04536 58.24946 9.48683 36.76955 70.45566 36.40055 83.00602 83.54639 107.62899 62.58594 89.58795 87.69265 71.34424 9.21954 55.00000 40.45986 90.69730 59.03389 82.68011
44.01136 43.84062 56.40035 41.62932 31.78050 45.89118 29.06888 44.20407 61.58734 41.59327 6.40312 26.07681 68.81860 29.06888 62.12890 30.26549 57.00877 42.10701 50.80354 57.30620 26.47640 19.02630 10.19804 41.14608 37.53665 28.07134 60.87693 6965.62991 37.00000 29.73214 26.83282 33.83785 58.69412 38.47077 35.84690 20.88061 16.27882 36.87818 39.00000 24.83948 61.84658 41.30375 32.57299 44.72136 24.04163 32.69557 26.24881 15.26434 35.80503 25.49510 28.46050 26.01922 43.86342 32.20248 52.63079 21.58703 37.01351 65.43699 34.92850 40.49691 50.24938 52.95281 49.04080 62.16912 60.41523 63.89053 39.66106 34.05877 64.81512 52.03845 33.60060 33.52611 37.36308 31.38471 55.31727 57.38467 29.41088 32.01562 47.80167 59.20304 57.28001 68.81860 36.67424 69.65630 29.15476 17.72005 51.97115 23.40940 50.21952 46.75468 31.38471 31.04835 26.90725 54.58938 68.62215 47.12749 21.47091 31.62278 45.22168 29.01724
80.99383 19.41649 47.07441 31.62278 6.08276 72.00694 50.00000 39.00000 93.38094 59.94164 42.54409 59.64059 56.08030 9.05539 27.80288 65.49046 20.22375 77.52419 83.86895 62.39391 61.40033 34.71311 37.05401 30.23243 73.06162 54.48853 57.31492 37.00000 9745.25526 60.20797 25.94224 70.21396 93.23090 6.70820 46.23851 52.00961 32.24903 64.44377 74.96666 54.14795 52.63079 66.40030 4.47214 9.43398 34.13210 28.42534 22.36068 52.00000 10.81665 47.63402 8.54400 14.21267 80.77747 55.78530 66.73080 41.00000 60.44005 55.36244 48.75449 73.24616 55.73150 78.23682 12.16553 25.80698 65.27634 97.45255 72.62231 56.61272 63.19810 72.00694 32.98485 62.93648 74.33034 28.60070 30.61046 38.47077 59.21149 5.65685 74.95332 35.60899 84.20214 68.18358 68.01470 66.61081 24.35159 54.70832 27.20294 44.14748 86.35392 69.89278 8.94427 46.61545 55.32630 19.10497 60.87693 75.16648 39.82462 48.46648 8.24621 65.30697
33.24154 71.84706 55.32630 71.30919 56.58622 17.02939 54.08327 45.01111 33.24154 21.40093 23.76973 7.21110 67.08204 54.56189 87.68124 37.73592 77.93587 44.55334 23.85372 43.90900 36.67424 48.27007 38.83298 70.77429 18.24829 8.00000 53.75872 29.73214 60.20797 8768.12409 56.46238 20.12461 34.01470 58.82176 28.16026 8.94427 45.88028 8.24621 40.31129 44.91102 59.03389 13.92839 55.90170 69.31089 29.15476 62.39391 40.31129 20.22375 62.62587 15.29706 52.32590 46.22770 31.62278 54.74486 32.52691 49.25444 58.46366 62.36986 24.33105 13.41641 39.00000 24.00000 70.80254 85.91275 46.32494 37.44329 13.00000 13.41641 55.03635 26.83282 37.85499 4.00000 31.62278 61.09828 65.96969 63.28507 47.12749 54.56189 63.50591 68.06614 27.65863 57.30620 7.81025 59.93330 40.71855 24.04163 63.60031 50.03998 31.01612 66.40783 57.48913 58.03447 47.07441 79.24645 62.93648 17.46425 21.93171 58.00000 67.62396 33.01515
66.40030 20.24846 66.73080 14.86607 20.24846 72.12489 25.07987 55.94640 88.32327 65.19202 33.12099 52.83938 77.66595 17.80449 41.23106 46.51881 43.93177 57.93962 77.38863 75.70997 42.48529 12.08305 19.79899 14.31782 63.25346 53.85165 74.84651 26.83282 25.94224 56.46238 9021.08641 58.72819 84.64632 31.62278 55.32630 47.53946 12.04159 63.24555 56.36488 32.01562 72.56032 67.18631 23.60085 28.28427 41.30375 6.08276 34.53983 40.60788 17.26268 49.49747 21.21320 26.92582 66.84310 31.06445 75.00667 17.26268 35.35534 75.80237 56.03570 67.23095 68.44706 79.12016 36.40055 44.10215 78.85430 90.21086 66.37017 58.85576 80.05623 76.65507 46.48656 60.16644 58.82176 5.00000 55.31727 61.61980 36.67424 24.83948 50.24938 60.20797 83.81527 84.75848 63.50591 84.30896 38.07887 41.01219 51.73973 20.09975 74.95332 44.38468 17.00000 20.88061 32.55764 36.05551 80.52950 73.73602 43.04649 22.80351 32.57299 48.02083
13.34166 77.33693 74.52516 72.62231 65.36819 32.20248 47.43416 63.50591 33.37664 41.34005 27.78489 14.31782 86.58522 62.76942 95.96353 23.08679 89.69392 26.07681 22.09072 64.00781 24.08319 47.80167 38.94868 72.47068 6.00000 27.51363 73.73602 33.83785 70.21396 20.12461 58.72819 9596.35347 26.41969 70.57620 47.53946 22.02272 46.75468 26.24881 21.95450 36.13862 78.58753 31.82766 65.74192 78.39005 45.04442 63.89053 54.12947 18.60108 69.63476 33.54102 61.71710 57.58472 12.04159 45.89118 52.00961 46.14109 48.25971 82.00610 43.96590 16.15549 59.09315 37.58989 81.93900 95.77056 66.37017 32.69557 15.23155 33.54102 75.15318 44.59821 55.00909 22.20360 12.04159 62.48200 82.29824 81.05554 36.22154 64.88451 49.03060 85.05292 37.94733 77.41447 18.43909 80.05623 55.57877 17.80449 79.51101 45.61798 16.40122 54.08327 65.19202 52.92447 37.85499 88.32327 82.87340 29.52965 38.00000 52.20153 78.29432 18.02776
26.00000 102.53292 86.37129 98.81295 89.02247 32.14032 73.53911 77.46612 12.80625 48.01042 52.32590 33.60060 97.02062 86.68333 120.10412 47.29693 111.64676 45.01111 11.04536 69.46222 49.33559 74.06079 65.00000 98.60020 21.40093 41.43670 82.05486 58.69412 93.23090 34.01470 84.64632 26.41969 12010.41215 92.43917 60.01666 41.34005 72.80110 33.54102 42.04759 62.03225 89.05055 36.01389 88.81441 102.00490 63.15853 90.00000 74.24284 44.04543 94.17537 49.04080 85.00000 79.61156 24.02082 71.47027 54.74486 72.56032 73.24616 92.00543 55.90170 20.61553 67.00746 32.57299 104.30724 119.03781 70.85901 7.00000 21.02380 43.73786 81.49847 44.14748 71.47027 32.57299 32.38827 88.60023 99.62429 96.10411 61.40033 87.65843 71.06335 101.39033 28.17801 82.20097 26.57066 85.84288 74.73286 44.10215 97.40637 72.00694 13.00000 77.64664 89.37561 79.20227 63.56886 112.00446 91.13726 27.16616 55.94640 78.39005 100.95544 42.72002
82.00610 25.96151 40.60788 38.27532 11.40175 69.35416 54.78138 33.13608 91.67879 56.30275 43.41659 59.05929 49.39636 13.89244 31.30495 68.02941 19.23538 80.05623 82.66196 56.88585 64.00781 39.21734 40.19950 36.89173 72.91776 52.49762 51.08816 38.47077 6.70820 58.82176 31.62278 70.57620 92.43917 9626.00644 42.05948 51.10773 36.40055 62.28965 77.23341 57.87055 46.09772 63.70243 8.06226 14.14214 31.14482 34.65545 19.10497 52.88667 17.49286 45.27693 11.40175 13.00000 81.60882 60.40695 62.24147 45.54119 65.19202 48.76474 44.94441 72.11103 50.44799 75.28612 12.04159 27.65863 59.68249 96.26006 71.56116 53.81450 57.03508 68.26419 28.23119 61.22091 75.70997 34.71311 24.08319 31.76476 62.96825 7.28011 79.40403 29.06888 81.46779 62.03225 66.61081 60.29925 20.24846 56.08921 20.61553 48.70318 86.40602 74.84651 14.86607 51.88449 59.22837 22.36068 54.34151 72.83543 37.53665 53.66563 9.43398 67.36468
60.87693 63.34824 27.16616 69.00725 45.35416 30.41381 64.88451 17.46425 55.15433 14.86607 34.05877 33.24154 39.05125 44.72136 73.35530 59.40539 59.03389 68.96376 49.03060 21.47091 56.85068 52.81098 45.61798 68.00000 46.38965 20.22375 26.92582 35.84690 46.23851 28.16026 55.32630 47.53946 60.01666 42.05948 8220.09732 26.40076 49.33559 26.47640 64.88451 59.81639 31.04835 25.07987 43.01163 55.54278 14.03567 61.20457 24.04163 38.60052 53.15073 14.31782 41.00000 32.98485 59.43904 67.95587 20.61553 56.85948 72.67049 34.48188 4.12311 40.11234 14.42221 35.00000 53.53504 69.33974 24.59675 61.68468 40.04997 16.27882 29.73214 26.40076 14.21267 28.01785 57.93962 60.29925 40.70626 36.13862 63.78087 41.10961 82.07314 41.78516 41.61730 33.30165 34.05877 34.71311 21.93171 43.60046 39.11521 59.03389 59.03389 82.20097 47.85394 66.30988 62.00806 64.41273 35.77709 34.92850 14.42221 67.11930 51.47815 55.75841
35.22783 63.00794 52.88667 62.39391 48.10405 25.17936 46.52956 41.59327 41.86884 24.69818 15.13275 8.24621 65.14599 45.96738 79.24645 33.94113 70.32780 42.72002 31.89044 45.34314 32.01562 39.62323 30.26549 61.84658 22.56103 8.94427 53.23533 20.88061 52.00961 8.94427 47.53946 22.02272 41.34005 51.10773 26.40076 7924.64510 37.10795 16.12452 38.58756 38.27532 57.24509 21.02380 47.63402 60.95900 23.19483 53.48832 33.24154 13.89244 53.90733 12.08305 43.93177 38.27532 34.05877 47.80167 36.35932 41.01219 51.86521 60.74537 23.32381 21.26029 39.40812 32.24903 62.96825 77.80103 48.10405 45.45327 20.61553 16.12452 55.47071 32.98485 33.00000 12.64911 31.62278 52.20153 60.53098 59.03389 41.14608 46.40043 58.52350 63.12686 36.40055 58.41233 16.40122 60.46487 34.20526 18.60108 57.87055 42.04759 36.13862 60.41523 48.83646 50.03998 40.49691 70.93659 62.16912 26.24881 16.03122 50.15974 59.64059 29.83287
54.40588 31.76476 65.29931 26.07681 26.17250 62.16912 18.86796 53.60037 76.94154 57.14018 22.13594 41.62932 77.10383 23.19483 52.20153 35.11410 52.00961 46.84015 65.86350 70.57620 31.01612 3.60555 7.81025 25.80698 51.40039 44.28318 71.86793 16.27882 32.24903 45.88028 12.04159 46.75468 72.80110 36.40055 49.33559 37.10795 8112.33628 53.15073 44.94441 22.00000 71.06335 57.55867 28.63564 37.21559 35.84690 17.20465 32.55764 28.84441 26.47640 41.04875 25.00000 27.45906 54.81788 24.16609 67.74216 9.43398 29.06888 74.51845 49.24429 55.90170 63.32456 69.23150 44.04543 54.12947 73.73602 78.49204 55.00909 50.01000 76.53757 68.00735 43.26662 49.72927 46.87217 15.81139 58.18075 62.80127 27.01851 29.12044 43.01163 62.76942 73.49830 80.95060 52.55473 81.12336 36.12478 29.00000 54.58938 12.52996 62.93648 38.94868 24.00000 17.80449 23.08679 46.09772 78.60025 63.32456 35.69314 19.10497 40.04997 36.23534
38.58756 77.52419 53.03772 78.10890 61.40033 9.05539 62.20129 43.93177 29.68164 15.81139 31.25700 15.23155 64.12488 59.64059 92.19544 45.65085 81.05554 51.73973 22.56103 38.62642 44.77723 55.73150 46.38965 77.49194 22.82542 10.00000 49.81967 36.87818 64.44377 8.24621 63.24555 26.24881 33.54102 62.28965 26.47640 16.12452 53.15073 9219.54446 47.50789 53.15073 56.08030 5.83095 60.30755 73.75636 31.40064 69.26038 43.27817 28.44293 67.95587 17.02939 57.00877 50.24938 36.71512 62.96825 25.80698 57.07889 66.70832 59.21149 22.36068 14.14214 34.71311 16.12452 74.33034 89.80535 40.71855 35.46830 14.31782 10.19804 50.28916 18.86796 38.48376 4.47214 38.20995 68.00735 66.48308 62.58594 55.36244 58.79626 71.58911 68.00735 20.61553 52.00000 8.54400 55.02727 43.01163 32.28002 64.47480 58.00000 33.73426 74.63243 62.68174 66.00000 55.31727 83.54639 59.03389 10.81665 24.75884 66.03030 71.42129 40.81666
16.12452 76.55717 90.62009 67.67570 69.23150 54.08327 36.76955 78.77182 52.34501 61.61980 35.35534 33.30165 103.07764 66.28725 97.14422 9.84886 95.18929 4.24264 41.97618 83.60024 13.92839 44.28318 38.32754 67.95587 27.31300 46.40043 91.78780 39.00000 74.96666 40.31129 56.36488 21.95450 42.04759 77.23341 64.88451 38.58756 44.94441 47.50789 10307.76406 25.61250 95.34149 53.26350 70.71068 81.49233 58.52350 60.03332 64.49806 27.20294 71.16881 50.60632 66.61081 65.00769 18.02776 32.80244 72.83543 39.96248 33.12099 98.89894 61.91123 38.01316 77.93587 59.53990 87.13208 98.76234 86.21485 49.04080 37.12142 53.26350 94.03191 66.21933 68.96376 43.18565 10.44031 58.66856 93.77100 94.59387 22.67157 70.45566 29.01724 97.32420 59.61543 96.83491 40.22437 99.02020 66.91039 22.56103 90.55385 38.01316 29.06888 35.90265 67.91171 43.13931 26.17250 90.80198 100.64790 51.47815 52.55473 41.72529 83.18654 10.04988
38.83298 52.20153 81.21576 42.19005 48.09366 61.81424 11.66190 69.02898 69.42622 62.64982 25.80698 38.32754 93.60021 45.09989 73.24616 16.27882 74.00676 26.41969 58.05170 81.02469 13.03840 20.22375 18.02776 42.54409 41.97618 47.16991 85.56284 24.83948 54.14795 44.91102 32.01562 36.13862 62.03225 57.87055 59.81639 38.27532 22.00000 53.15073 25.61250 9417.53683 86.68333 58.69412 50.35871 59.13544 48.83646 34.92850 50.11986 24.73863 48.25971 47.50789 46.52956 47.43416 39.96248 10.00000 74.24958 14.86607 13.60147 90.27181 58.24946 50.08992 74.20243 68.59300 66.03030 75.80237 84.05355 68.62215 49.09175 54.23099 89.27486 71.16881 58.41233 48.83646 31.06445 33.61547 78.18568 81.41253 5.09902 50.63596 23.02173 82.46211 71.06335 93.08598 49.09175 94.17537 53.33854 21.09502 74.67262 12.52996 50.08992 22.47221 46.00000 17.80449 2.23607 67.74216 93.43447 61.20457 45.45327 16.64332 62.03225 19.72308
91.92388 72.03471 5.83095 83.00602 55.36244 57.31492 89.14034 17.69181 82.03658 41.04875 62.12890 64.28841 8.06226 56.46238 73.10951 89.06739 54.45181 99.31767 78.02564 22.82542 86.09297 74.65253 70.00714 81.70679 77.27872 51.19570 9.21954 61.84658 52.63079 59.03389 72.56032 78.58753 89.05055 46.09772 31.04835 57.24509 71.06335 56.08030 95.34149 86.68333 10963.57606 53.03772 51.86521 59.53990 38.01316 77.36924 38.60052 68.42514 62.93648 45.22168 52.39275 45.65085 90.47099 93.34881 37.00000 80.05623 98.31073 3.60555 34.71311 70.17834 22.36068 59.43904 53.00943 66.48308 23.60085 89.56004 70.25667 46.27094 14.42221 47.80167 28.31960 58.42089 88.86507 76.94154 27.65863 17.72005 91.21403 49.98000 109.63576 24.69818 65.96969 18.78829 64.28063 15.52417 35.00000 73.35530 29.15476 82.80700 89.56004 108.24509 58.87274 88.86507 88.72993 65.00000 8.24621 62.28965 42.94182 90.13878 53.23533 85.86617
43.82921 80.49845 50.48762 82.00610 63.81222 5.65685 67.47592 42.37924 30.08322 12.00000 36.01389 21.02380 61.00820 62.26556 94.20191 51.47815 82.07314 57.48913 25.00000 34.20526 50.56679 60.29925 51.08816 81.32035 28.01785 13.34166 46.17359 41.30375 66.40030 13.92839 67.18631 31.82766 36.01389 63.70243 25.07987 21.02380 57.55867 5.83095 53.26350 58.69412 53.03772 9420.19108 62.42596 75.80237 32.55764 73.24616 44.59821 33.95585 70.71068 18.86796 59.36329 52.20153 41.88078 68.44706 20.59126 62.00000 72.27724 56.00000 21.02380 18.38478 31.06445 12.08305 75.69016 91.35097 36.05551 36.87818 18.78829 9.89949 46.09772 13.03840 38.27532 10.29563 43.84062 72.03471 65.74192 61.03278 61.03278 60.80296 77.38863 66.85058 17.80449 47.43416 13.60147 50.69517 43.86342 37.94733 64.00781 63.07139 37.94733 80.32434 65.36819 71.06335 60.87693 85.42833 55.32630 9.84886 26.62705 71.17584 73.00000 46.64762
76.55064 21.00000 46.17359 31.30495 3.60555 68.00735 46.81880 37.21559 89.10668 56.36488 38.07887 55.21775 55.90170 5.83095 31.89044 61.29437 24.51530 73.33485 79.51101 60.07495 57.21888 31.32092 33.00000 29.96665 68.60029 50.32892 55.90170 32.57299 4.47214 55.90170 23.60085 65.74192 88.81441 8.06226 43.01163 47.63402 28.63564 60.30755 70.71068 50.35871 51.86521 62.42596 9308.59818 13.45362 30.41381 26.90725 18.97367 47.53946 11.18034 43.60046 4.12311 10.29563 76.32169 52.49762 63.60031 37.64306 57.24509 54.78138 45.31004 68.88396 53.23533 74.33034 16.49242 30.23243 63.03174 93.08598 68.24954 52.69725 61.66036 68.44706 30.26549 58.69412 69.92138 26.87006 31.82766 38.83298 55.44367 2.00000 71.56815 36.76955 80.21222 66.61081 63.70243 65.30697 21.37756 50.28916 28.28427 40.80441 81.88406 66.85058 7.21110 43.82921 51.62364 23.34524 60.08328 71.06335 35.80503 45.61798 12.64911 61.00000
88.63972 14.21267 54.23099 29.20616 13.03840 81.40025 53.33854 47.26521 102.53292 69.35416 50.60632 68.41053 62.09670 15.65248 18.43909 71.80529 15.81139 83.74366 92.84934 71.02112 67.68309 39.01282 43.17407 27.80288 81.54140 63.78087 65.00769 44.72136 9.43398 69.31089 28.28427 78.39005 102.00490 14.14214 55.54278 60.95900 37.21559 73.75636 81.49233 59.13544 59.53990 75.80237 13.45362 10640.48871 43.56604 28.79236 31.76476 59.94164 11.04536 57.00877 17.02939 23.60085 88.56636 59.30430 75.96052 45.01111 63.63961 61.98387 58.13777 82.21922 64.53681 87.65843 9.21954 17.46425 73.82412 106.40489 81.56592 66.03030 71.00000 81.41253 42.05948 72.13876 81.70679 29.41088 34.92850 43.96590 64.07027 15.00000 78.51751 39.81206 93.60021 76.00000 77.10383 74.10803 33.61547 62.24147 31.95309 48.04165 94.66784 72.56721 13.60147 49.03060 60.03332 10.00000 67.74216 84.50444 49.20366 50.99020 6.70820 72.12489
